#t (s)    x (m)
0    0.20711433756805808
0.03    0.2038475499092559
0.06    0.19927404718693287
0.09    0.19339382940108896
0.12    0.18588021778584393
0.15    0.17738656987295828
0.18    0.17738656987295828
0.21    0.16758620689655174
0.24    0.15713248638838476
0.27    0.14569872958257715
0.3    0.13361161524500909
0.33    0.12152450090744103
0.36    0.10878402903811253
0.39    0.09669691470054448
0.42    0.08460980036297641
0.45    0.07350272232304901
0.48    0.07350272232304901
0.51    0.06304900181488204
0.54    0.05357531760435572
0.57    0.04540834845735028
0.6    0.03887477313974592
0.63    0.033647912885662434
0.66    0.030381125226860258
0.69    0.02874773139745917
0.72    0.02874773139745917
0.75    0.030707803992740475
0.78    0.030707803992740475
0.81    0.034627949183303086
0.84    0.039854809437386576
0.87    0.046715063520871146
0.9    0.05520871143375681
0.93    0.06468239564428313
0.96    0.0751361161524501
0.99    0.08656987295825772
1.02    0.09833030852994556
1.05    0.11074410163339383
1.08    0.11074410163339383
1.11    0.1228312159709619
1.14    0.13491833030852995
1.17    0.1466787658802178
1.2    0.1581125226860254
1.23    0.1685662431941924
1.26    0.17803992740471872
1.29    0.18620689655172415
1.32    0.19339382940108896
1.35    0.19927404718693287
1.38    0.19927404718693287
1.41    0.2038475499092559
1.44    0.20711433756805808
1.47    0.20874773139745917
1.5    0.20874773139745917
1.53    0.20711433756805808
1.56    0.20417422867513613
1.59    0.1999274047186933
1.62    0.1940471869328494
1.65    0.18686025408348458
1.68    0.18686025408348458
1.71    0.17869328493647915
1.74    0.1688929219600726
1.77    0.15843920145190563
1.8    0.14733212341197824
1.83    0.1355716878402904
1.86    0.11074410163339383
1.89    0.09865698729582578
1.92    0.08656987295825772
1.95    0.07546279491833031
1.98    0.07546279491833031
2.01    0.06500907441016335
2.04    0.055535390199637026
2.07    0.04736842105263158
2.1    0.04050816696914701
2.13    0.03528130671506352
2.16    0.03168784029038113
2.19    0.030054446460980037
2.22    0.030054446460980037
2.25    0.03168784029038113
2.28    0.03168784029038113
2.31    0.03528130671506352
2.34    0.04050816696914701
2.37    0.04704174228675136
2.4    0.05520871143375681
2.43    0.06435571687840291
2.46    0.07480943738656988
2.49    0.08591651542649728
2.52    0.09767695099818513
2.55    0.10976406533575318
2.58    0.10976406533575318
2.61    0.12185117967332125
2.64    0.13361161524500909
2.67    0.14537205081669693
2.7    0.15647912885662432
2.73    0.1669328493647913
2.76    0.17640653357531763
2.79    0.18490018148820328
2.82    0.19208711433756806
2.85    0.197967332123412
2.88    0.197967332123412
2.91    0.20254083484573504
2.94    0.2058076225045372
2.97    0.2074410163339383
3.0    0.20776769509981852
3.03    0.20646098003629765
3.06    0.2035208711433757
3.09    0.19927404718693287
3.12    0.19372050816696917
3.15    0.18686025408348458
3.18    0.18686025408348458
3.21    0.17869328493647915
3.24    0.16921960072595282
3.27    0.15876588021778584
3.3    0.14765880217785846
3.33    0.13622504537205082
3.36    0.12413793103448277
3.39    0.11172413793103449
3.42    0.09963702359346643
3.45    0.08754990925589837
3.48    0.08754990925589837
3.51    0.07644283121597097
3.54    0.065989110707804
3.57    0.056515426497277685
3.6    0.048021778584392015
3.63    0.041161524500907445
3.66    0.03593466424682396
3.69    0.032341197822141565
3.72    0.030381125226860258
3.75    0.030054446460980037
3.78    0.030054446460980037
3.81    0.03168784029038113
3.84    0.0349546279491833
3.87    0.039854809437386576
3.9    0.04638838475499093
3.93    0.05422867513611616
3.96    0.06337568058076226
3.99    0.07350272232304901
4.02    0.0842831215970962
4.05    0.09604355716878403
4.08    0.09604355716878403
4.11    0.10780399274047188
4.14    0.11989110707803993
4.17    0.131978221415608
4.2    0.14341197822141563
4.23    0.15451905626134302
4.26    0.16497277676951
4.29    0.1744464609800363
4.32    0.18294010889292198
4.35    0.19045372050816697
4.38    0.19045372050816697
4.41    0.1963339382940109
4.44    0.20123411978221417
4.47    0.20450090744101634
4.5    0.20646098003629765
4.53    0.20678765880217786
4.56    0.205480943738657
4.59    0.20286751361161526
4.62    0.19894736842105265
4.65    0.19339382940108896
4.68    0.19339382940108896
4.71    0.18653357531760437
4.74    0.17869328493647915
4.77    0.16954627949183304
4.8    0.1594192377495463
4.83    0.1483121597096189
4.86    0.13687840290381126
4.89    0.1247912885662432
4.92    0.11270417422867514
4.95    0.10061705989110709
4.98    0.10061705989110709
5.01    0.08852994555353903
5.04    0.07742286751361162
5.07    0.06696914700544465
5.1    0.05749546279491834
5.13    0.049001814882032674
5.16    0.0421415607985481
5.19    0.0365880217785844
5.22    0.032994555353902
5.25    0.031034482758620693
5.28    0.031034482758620693
5.31    0.030381125226860258
5.34    0.03201451905626135
5.37    0.03528130671506352
5.4    0.039854809437386576
5.43    0.04638838475499093
5.46    0.05422867513611616
5.49    0.06304900181488204
5.52    0.0731760435571688
5.55    0.08395644283121598
5.58    0.08395644283121598
5.61    0.0953901996370236
5.64    0.10715063520871144
5.67    0.1192377495462795
5.7    0.13099818511796735
5.73    0.14243194192377498
5.76    0.15353901996370237
5.79    0.16399274047186935
5.82    0.17346642468239565
5.85    0.18196007259528132
5.88    0.18196007259528132
5.91    0.18947368421052632
5.94    0.19568058076225048
5.97    0.20025408348457352
6.0    0.2038475499092559
6.03    0.2058076225045372
6.06    0.20646098003629765
6.09    0.205480943738657
6.12    0.20286751361161526
6.15    0.19927404718693287
6.18    0.19927404718693287
6.21    0.19372050816696917
6.24    0.1871869328493648
6.27    0.1793466424682396
6.3    0.17019963702359348
6.33    0.16039927404718696
6.36    0.14961887477313976
6.39    0.13818511796733213
6.42    0.1260980036297641
6.45    0.11401088929219602
6.48    0.11401088929219602
6.51    0.10192377495462795
6.54    0.09016333938294012
6.57    0.0790562613430127
6.6    0.06827586206896552
6.63    0.058802177858439206
6.66    0.05030852994555354
6.69    0.04312159709618875
6.72    0.03756805807622505
6.75    0.033647912885662434
6.78    0.033647912885662434
6.81    0.03136116152450091
6.84    0.031034482758620693
6.87    0.032341197822141565
6.9    0.03528130671506352
6.93    0.039854809437386576
6.96    0.045735027223230494
6.99    0.053248638838475505
7.02    0.062068965517241385
7.05    0.07186932849364792
7.08    0.07186932849364792
7.11    0.08264972776769511
7.14    0.09408348457350273
7.17    0.10551724137931036
7.2    0.11760435571687841
7.23    0.12936479128856626
7.26    0.14079854809437387
7.29    0.15190562613430128
7.32    0.16235934664246826
7.35    0.17183303085299456
7.38    0.17183303085299456
7.41    0.18032667876588024
7.44    0.18784029038112524
7.47    0.1940471869328494
7.5    0.19894736842105265
7.53    0.20254083484573504
7.56    0.20482758620689656
7.59    0.205480943738657
7.62    0.20450090744101634
7.65    0.20221415607985482
7.68    0.20221415607985482
7.71    0.19862068965517243
7.74    0.19339382940108896
7.77    0.1871869328493648
7.8    0.1793466424682396
7.83    0.1705263157894737
7.86    0.16072595281306717
7.89    0.1502722323049002
7.92    0.13883847549909256
7.95    0.12707803992740474
7.98    0.12707803992740474
8.01    0.11499092558983667
8.04    0.10323049001814882
8.07    0.09147005444646099
8.1    0.08003629764065337
8.13    0.06958257713248639
8.16    0.060108892921960075
8.19    0.05161524500907441
8.22    0.04475499092558984
8.25    0.03887477313974592
8.28    0.03887477313974592
8.31    0.0349546279491833
8.34    0.03266787658802178
8.37    0.03201451905626135
8.4    0.03332123411978222
8.43    0.03593466424682396
8.46    0.04050816696914701
8.49    0.046715063520871146
8.52    0.05390199637023594
8.55    0.06272232304900183
8.58    0.06272232304900183
8.61    0.07252268602540836
8.64    0.08297640653357533
8.67    0.09408348457350273
8.7    0.10584392014519058
8.73    0.11760435571687841
8.76    0.12903811252268604
8.79    0.14047186932849365
8.82    0.15157894736842106
8.85    0.16203266787658804
8.88    0.16203266787658804
8.91    0.17150635208711434
8.94    0.18032667876588024
8.97    0.18784029038112524
9.0    0.1940471869328494
9.03    0.19894736842105265
9.06    0.20254083484573504
9.09    0.20482758620689656
9.12    0.2058076225045372
9.15    0.20482758620689656
9.18    0.20482758620689656
9.21    0.20286751361161526
9.24    0.19927404718693287
9.27    0.1943738656987296
9.3    0.18784029038112524
9.33    0.18032667876588024
9.36    0.17150635208711434
9.39    0.16203266787658804
9.42    0.15157894736842106
9.45    0.14014519056261343
9.48    0.14014519056261343
9.51    0.12871143375680583
9.54    0.11662431941923776
9.57    0.10486388384754992
9.6    0.09310344827586207
9.63    0.08166969147005446
9.66    0.07121597096188749
9.69    0.06174228675136117
9.72    0.053248638838475505
9.75    0.04606170598911071
9.78    0.04606170598911071
9.81    0.04050816696914701
9.84    0.03626134301270418
9.87    0.03397459165154265
9.9    0.032994555353902
9.93    0.03397459165154265
9.96    0.036914700544464614
9.99    0.041161524500907445
10.02    0.046715063520871146
10.05    0.05390199637023594
10.08    0.05390199637023594
10.11    0.0623956442831216
10.14    0.07186932849364792
10.17    0.08232304900181489
10.2    0.09310344827586207
10.23    0.10453720508166969
10.26    0.11597096188747733
10.29    0.12773139745916517
10.32    0.13883847549909256
10.35    0.14961887477313976
10.38    0.14961887477313976
10.41    0.16007259528130674
10.44    0.16954627949183304
10.47    0.17803992740471872
10.5    0.18555353901996371
10.53    0.19208711433756806
10.56    0.19698729582577135
10.59    0.20090744101633395
10.62    0.20319419237749548
10.65    0.20417422867513613
10.68    0.20417422867513613
10.71    0.2035208711433757
10.74    0.2015607985480944
10.77    0.19829401088929222
10.8    0.19339382940108896
10.83    0.1871869328493648
10.86    0.18000000000000002
10.89    0.17150635208711434
10.92    0.16203266787658804
10.95    0.15157894736842106
10.98    0.15157894736842106
11.01    0.14047186932849365
11.04    0.12903811252268604
11.07    0.11695099818511798
11.1    0.10519056261343014
11.13    0.09375680580762251
11.16    0.08232304900181489
11.19    0.07186932849364792
11.22    0.0623956442831216
11.25    0.05390199637023594
11.28    0.05390199637023594
11.31    0.046715063520871146
11.34    0.04083484573502723
11.37    0.0365880217785844
11.4    0.03397459165154265
11.43    0.03332123411978222
11.46    0.03397459165154265
11.49    0.0365880217785844
11.52    0.04083484573502723
11.55    0.04638838475499093
11.58    0.04638838475499093
11.61    0.05357531760435572
11.64    0.06174228675136117
11.67    0.07121597096188749
11.7    0.08134301270417424
11.73    0.09212341197822142
11.76    0.10355716878402904
11.79    0.11499092558983667
11.82    0.1264246823956443
11.85    0.1378584392014519
11.88    0.1378584392014519
11.91    0.14896551724137932
11.94    0.1590925589836661
11.97    0.1688929219600726
12.0    0.17738656987295828
12.03    0.1852268602540835
12.06    0.19176043557168784
12.09    0.19666061705989113
12.12    0.20058076225045374
12.15    0.20286751361161526
12.18    0.20286751361161526
12.21    0.2038475499092559
12.24    0.2035208711433757
12.27    0.2015607985480944
12.3    0.19829401088929222
12.33    0.19339382940108896
12.36    0.18751361161524502
12.39    0.18000000000000002
12.42    0.17183303085299456
12.45    0.16235934664246826
12.48    0.16235934664246826
12.51    0.15190562613430128
12.54    0.14112522686025408
12.57    0.12969147005444648
12.6    0.11793103448275863
12.63    0.10584392014519058
12.66    0.09441016333938294
12.69    0.08330308529945554
12.72    0.07284936479128858
12.75    0.06304900181488204
12.78    0.06304900181488204
12.81    0.054555353901996374
12.84    0.04704174228675136
12.87    0.04148820326678766
12.9    0.03724137931034483
12.93    0.03430127041742287
12.96    0.03332123411978222
12.99    0.03430127041742287
13.02    0.0365880217785844
13.05    0.04050816696914701
13.08    0.04050816696914701
13.11    0.04606170598911071
13.14    0.05292196007259529
13.17    0.061088929219600734
13.2    0.07056261343012704
13.23    0.08036297640653359
13.26    0.09114337568058077
13.29    0.10257713248638839
13.32    0.11401088929219602
13.35    0.12544464609800365
13.38    0.12544464609800365
13.41    0.13687840290381126
13.44    0.14765880217785846
13.47    0.1581125226860254
13.5    0.16758620689655174
13.53    0.17640653357531763
13.56    0.18392014519056263
13.59    0.19045372050816697
13.62    0.19568058076225048
13.65    0.19960072595281309
13.68    0.19960072595281309
13.71    0.20221415607985482
13.74    0.2035208711433757
13.77    0.20319419237749548
13.8    0.2015607985480944
13.83    0.19862068965517243
13.86    0.1940471869328494
13.89    0.18816696914700545
13.92    0.1813067150635209
13.95    0.1728130671506352
13.98    0.1728130671506352
14.01    0.16366606170598913
14.04    0.15353901996370237
14.07    0.1427586206896552
14.1    0.13132486388384756
14.13    0.11989110707803993
14.16    0.1081306715063521
14.19    0.09669691470054448
14.22    0.08558983666061706
14.25    0.0751361161524501
14.28    0.0751361161524501
14.31    0.06533575317604357
14.34    0.0568421052631579
14.37    0.04965517241379311
14.4    0.043774954627949184
14.43    0.039201451905626135
14.46    0.0365880217785844
14.49    0.03528130671506352
14.52    0.03593466424682396
14.55    0.03822141560798548
14.58    0.03822141560798548
14.61    0.04181488203266788
14.64    0.04704174228675136
14.67    0.05390199637023594
14.7    0.06174228675136117
14.73    0.07088929219600726
14.76    0.0806896551724138
14.79    0.09114337568058077
14.82    0.10225045372050817
14.85    0.1136842105263158
14.88    0.1136842105263158
14.91    0.1251179673321234
14.94    0.13622504537205082
14.97    0.14700544464609802
15.0    0.15713248638838476
15.03    0.1669328493647913
15.06    0.17542649727767695
15.09    0.18294010889292198
15.12    0.18947368421052632
15.15    0.19470054446460983
15.18    0.19470054446460983
15.21    0.19862068965517243
15.24    0.20123411978221417
15.27    0.20254083484573504
15.3    0.20221415607985482
15.33    0.20058076225045374
15.36    0.19764065335753178
15.39    0.19339382940108896
15.42    0.18751361161524502
15.45    0.18065335753176046
15.48    0.18065335753176046
15.51    0.172486388384755
15.54    0.1633393829401089
15.57    0.15353901996370237
15.6    0.1427586206896552
15.63    0.13165154264972778
15.66    0.11989110707803993
15.69    0.10845735027223231
15.72    0.0970235934664247
15.75    0.08591651542649728
15.78    0.08591651542649728
15.81    0.07546279491833031
15.84    0.06566243194192378
15.87    0.05716878402903812
15.9    0.04965517241379311
15.93    0.043774954627949184
15.96    0.03952813067150635
15.99    0.0365880217785844
16.02    0.03528130671506352
16.05    0.035607985480943745
16.08    0.035607985480943745
16.11    0.037894736842105266
16.14    0.04148820326678766
16.17    0.046715063520871146
16.2    0.053248638838475505
16.23    0.061088929219600734
16.26    0.0699092558983666
16.29    0.07970961887477315
16.32    0.09016333938294012
16.35    0.10127041742286752
16.38    0.10127041742286752
16.41    0.11237749546279492
16.44    0.12381125226860255
16.47    0.13491833030852995
16.5    0.14569872958257715
16.53    0.1558257713248639
16.56    0.16529945553539022
16.59    0.17411978221415608
16.62    0.18196007259528132
16.65    0.18849364791288567
16.68    0.18849364791288567
16.71    0.1940471869328494
16.74    0.19829401088929222
16.77    0.20090744101633395
16.8    0.20221415607985482
16.83    0.20221415607985482
16.86    0.20058076225045374
16.89    0.19764065335753178
16.92    0.19339382940108896
16.95    0.18784029038112524
16.98    0.18784029038112524
17.01    0.18098003629764067
17.04    0.1728130671506352
17.07    0.16399274047186935
17.1    0.15386569872958258
17.13    0.14341197822141563
17.16    0.13230490018148822
17.19    0.12054446460980037
17.22    0.10911070780399275
17.25    0.09767695099818513
17.28    0.09767695099818513
17.31    0.08656987295825772
17.34    0.07611615245009075
17.37    0.06631578947368422
17.4    0.057822141560798554
17.43    0.05030852994555354
17.46    0.044428312159709625
17.49    0.039854809437386576
17.52    0.036914700544464614
17.55    0.035607985480943745
17.58    0.035607985480943745
17.61    0.03593466424682396
17.64    0.037894736842105266
17.67    0.04148820326678766
17.7    0.04638838475499093
17.73    0.05292196007259529
17.76    0.06043557168784029
17.79    0.06925589836660617
17.82    0.0790562613430127
17.85    0.08950998185117968
17.88    0.08950998185117968
17.91    0.10029038112522687
17.94    0.11172413793103449
17.97    0.1228312159709619
18.0    0.1339382940108893
18.03    0.1447186932849365
18.06    0.15484573502722324
18.09    0.16431941923774956
18.12    0.17313974591651543
18.15    0.18098003629764067
18.18    0.18098003629764067
18.21    0.18784029038112524
18.24    0.19339382940108896
18.27    0.19764065335753178
18.3    0.20058076225045374
18.33    0.2018874773139746
18.36    0.20221415607985482
18.39    0.20090744101633395
18.42    0.197967332123412
18.45    0.1940471869328494
18.48    0.1940471869328494
18.51    0.1888203266787659
18.54    0.18196007259528132
18.57    0.1744464609800363
18.6    0.16529945553539022
18.63    0.1558257713248639
18.66    0.14504537205081672
18.69    0.13426497277676952
18.72    0.1228312159709619
18.75    0.11139745916515427
18.78    0.11139745916515427
18.81    0.09996370235934665
18.84    0.08885662431941925
18.87    0.07840290381125227
18.9    0.06892921960072595
18.93    0.060108892921960075
18.96    0.05259528130671507
18.99    0.04638838475499093
19.02    0.04181488203266788
19.05    0.0385480943738657
19.08    0.0385480943738657
19.11    0.03724137931034483
19.14    0.03724137931034483
19.17    0.039201451905626135
19.2    0.042468239564428314
19.23    0.04736842105263158
19.26    0.05357531760435572
19.29    0.061088929219600734
19.32    0.06958257713248639
19.35    0.0790562613430127
19.38    0.0790562613430127
19.41    0.08918330308529947
19.44    0.09996370235934665
19.47    0.11074410163339383
19.5    0.12185117967332125
19.53    0.13263157894736843
19.56    0.14341197822141563
19.59    0.15353901996370237
19.62    0.1630127041742287
19.65    0.17183303085299456
19.68    0.17183303085299456
19.71    0.1796733212341198
19.74    0.18620689655172415
19.77    0.19176043557168784
19.8    0.1960072595281307
19.83    0.19927404718693287
19.86    0.20058076225045374
19.89    0.20090744101633395
19.92    0.1999274047186933
19.95    0.19731397459165156
19.98    0.19731397459165156
20.01    0.19339382940108896
20.04    0.18816696914700545
20.07    0.1816333938294011
20.1    0.17379310344827587
20.13    0.16497277676951
20.16    0.15549909255898367
20.19    0.14504537205081672
20.22    0.13426497277676952
20.25    0.1228312159709619
20.28    0.1228312159709619
20.31    0.11172413793103449
20.34    0.10029038112522687
20.37    0.08918330308529947
20.4    0.0790562613430127
20.43    0.06925589836660617
20.46    0.060762250453720516
20.49    0.053248638838475505
20.52    0.04704174228675136
20.55    0.0421415607985481
20.58    0.0421415607985481
20.61    0.03887477313974592
20.64    0.03756805807622505
20.67    0.03724137931034483
20.7    0.03887477313974592
20.73    0.0421415607985481
20.76    0.04704174228675136
20.79    0.053248638838475505
20.82    0.06043557168784029
20.85    0.06892921960072595
20.88    0.06892921960072595
20.91    0.07840290381125227
20.94    0.08852994555353903
20.97    0.09931034482758622
21.0    0.1100907441016334
21.03    0.12087114337568058
21.06    0.13165154264972778
21.09    0.14210526315789473
21.12    0.1522323049001815
21.15    0.16170598911070783
21.18    0.16170598911070783
21.21    0.1705263157894737
21.24    0.17836660617059893
21.27    0.1852268602540835
21.3    0.1907803992740472
21.33    0.19535390199637026
21.36    0.19829401088929222
21.39    0.20025408348457352
21.42    0.20058076225045374
21.45    0.19927404718693287
21.48    0.19927404718693287
21.51    0.19698729582577135
21.54    0.19306715063520874
21.57    0.18816696914700545
21.6    0.1816333938294011
21.63    0.17411978221415608
21.66    0.16562613430127043
21.69    0.1561524500907441
21.72    0.14569872958257715
21.75    0.13491833030852995
21.78    0.13491833030852995
21.81    0.12381125226860255
21.84    0.11270417422867514
21.87    0.10127041742286752
21.9    0.09049001814882034
21.93    0.08003629764065337
21.96    0.07056261343012704
21.99    0.06174228675136117
22.02    0.05422867513611616
22.05    0.048021778584392015
22.08    0.048021778584392015
22.11    0.04312159709618875
22.14    0.039854809437386576
22.17    0.03822141560798548
22.2    0.03822141560798548
22.23    0.039854809437386576
22.26    0.04312159709618875
22.29    0.0476950998185118
22.32    0.05357531760435572
22.35    0.060762250453720516
22.38    0.060762250453720516
22.41    0.06925589836660617
22.44    0.07840290381125227
22.47    0.08852994555353903
22.5    0.098983666061706
22.53    0.10976406533575318
22.56    0.12087114337568058
22.59    0.13165154264972778
22.62    0.14243194192377498
22.65    0.15255898366606171
22.68    0.15255898366606171
22.71    0.16203266787658804
22.74    0.1705263157894737
22.77    0.17836660617059893
22.8    0.1852268602540835
22.83    0.1907803992740472
22.86    0.19535390199637026
22.89    0.19862068965517243
22.92    0.20025408348457352
22.95    0.20058076225045374
22.98    0.20058076225045374
23.01    0.19960072595281309
23.04    0.19731397459165156
23.07    0.19372050816696917
23.1    0.18849364791288567
23.13    0.18228675136116154
23.16    0.17477313974591652
23.19    0.16627949183303087
23.22    0.15680580762250454
23.25    0.1466787658802178
23.28    0.1466787658802178
23.31    0.1358983666061706
23.34    0.12446460980036299
23.37    0.11335753176043559
23.4    0.10192377495462795
23.43    0.09114337568058077
23.46    0.0806896551724138
23.49    0.07121597096188749
23.52    0.0623956442831216
23.55    0.05488203266787659
23.58    0.05488203266787659
23.61    0.048675136116152457
23.64    0.043774954627949184
23.67    0.040181488203266794
23.7    0.0385480943738657
23.73    0.03822141560798548
23.76    0.039854809437386576
23.79    0.04279491833030853
23.82    0.04736842105263158
23.85    0.05292196007259529
23.88    0.05292196007259529
23.91    0.060108892921960075
23.94    0.06827586206896552
23.97    0.07742286751361162
24.0    0.08722323049001815
24.03    0.09767695099818513
24.06    0.10845735027223231
24.09    0.1192377495462795
24.12    0.1303448275862069
24.15    0.14079854809437387
24.18    0.14079854809437387
24.21    0.15092558983666063
24.24    0.16039927404718696
24.27    0.16921960072595282
24.3    0.17705989110707807
24.33    0.18392014519056263
24.36    0.18980036297640654
24.39    0.1943738656987296
24.42    0.19764065335753178
24.45    0.19960072595281309
24.48    0.19960072595281309
24.51    0.20025408348457352
24.54    0.19927404718693287
24.57    0.19698729582577135
24.6    0.19306715063520874
24.63    0.18816696914700545
24.66    0.18196007259528132
24.69    0.1744464609800363
24.72    0.16627949183303087
24.75    0.15680580762250454
24.78    0.15680580762250454
24.81    0.1466787658802178
24.84    0.13622504537205082
24.87    0.1251179673321234
24.9    0.11401088929219602
24.93    0.1029038112522686
24.96    0.0917967332123412
24.99    0.08166969147005446
25.02    0.07186932849364792
25.05    0.06304900181488204
25.08    0.06304900181488204
25.11    0.055535390199637026
25.14    0.04932849364791289
25.17    0.044428312159709625
25.2    0.041161524500907445
25.23    0.039201451905626135
25.26    0.03887477313974592
25.29    0.040181488203266794
25.32    0.04312159709618875
25.35    0.04736842105263158
25.38    0.04736842105263158
25.41    0.053248638838475505
25.44    0.060108892921960075
25.47    0.06827586206896552
25.5    0.0770961887477314
25.53    0.08689655172413793
25.56    0.0970235934664247
25.59    0.10780399274047188
25.62    0.11858439201451906
25.65    0.12969147005444648
25.68    0.12969147005444648
25.71    0.14014519056261343
25.74    0.1502722323049002
25.77    0.15974591651542652
25.8    0.1688929219600726
25.83    0.17673321234119785
25.86    0.1835934664246824
25.89    0.18947368421052632
25.92    0.1940471869328494
25.95    0.19764065335753178
25.98    0.19764065335753178
26.01    0.19960072595281309
26.04    0.20025408348457352
26.07    0.19927404718693287
26.1    0.19731397459165156
26.13    0.19372050816696917
26.16    0.1888203266787659
26.19    0.18294010889292198
26.22    0.1757531760435572
26.25    0.16758620689655174
26.28    0.16758620689655174
26.31    0.15843920145190563
26.34    0.1483121597096189
26.37    0.1378584392014519
26.4    0.12675136116152452
26.43    0.11597096188747733
26.46    0.10486388384754992
26.49    0.09375680580762251
26.52    0.08362976406533576
26.55    0.07382940108892923
26.58    0.07382940108892923
26.61    0.06500907441016335
26.64    0.05716878402903812
26.67    0.05096188747731398
26.7    0.045735027223230494
26.73    0.0421415607985481
26.76    0.040181488203266794
26.79    0.03952813067150635
26.82    0.04083484573502723
26.85    0.043448275862068966
26.88    0.043448275862068966
26.91    0.04736842105263158
26.94    0.05292196007259529
26.97    0.05978221415607986
27.0    0.06762250453720509
27.03    0.07644283121597097
27.06    0.0862431941923775
27.09    0.09637023593466426
27.12    0.10682395644283123
27.15    0.11760435571687841
27.18    0.11760435571687841
27.21    0.1283847549909256
27.24    0.13883847549909256
27.27    0.14896551724137932
27.3    0.15843920145190563
27.33    0.16725952813067152
27.36    0.17542649727767695
27.39    0.18228675136116154
27.42    0.18816696914700545
27.45    0.19274047186932852
27.48    0.19274047186932852
27.51    0.1963339382940109
27.54    0.19829401088929222
27.57    0.19894736842105265
27.6    0.19862068965517243
27.63    0.19666061705989113
27.66    0.19339382940108896
27.69    0.1888203266787659
27.72    0.18294010889292198
27.75    0.1757531760435572
27.78    0.1757531760435572
27.81    0.16758620689655174
27.84    0.15876588021778584
27.87    0.1486388384754991
27.9    0.13818511796733213
27.93    0.12740471869328496
27.96    0.11629764065335754
27.99    0.10486388384754992
28.02    0.09408348457350273
28.05    0.08362976406533576
28.08    0.08362976406533576
28.11    0.07415607985480945
28.14    0.06533575317604357
28.17    0.05749546279491834
28.2    0.05096188747731398
28.23    0.04606170598911071
28.26    0.042468239564428314
28.29    0.040181488203266794
28.32    0.039854809437386576
28.35    0.04083484573502723
28.38    0.04083484573502723
28.41    0.043448275862068966
28.44    0.0476950998185118
28.47    0.05292196007259529
28.5    0.05978221415607986
28.53    0.06762250453720509
28.56    0.07611615245009075
28.59    0.08591651542649728
28.62    0.09604355716878403
28.65    0.10649727767695101
28.68    0.10649727767695101
28.71    0.11695099818511798
28.74    0.12773139745916517
28.77    0.13818511796733213
28.8    0.1483121597096189
28.83    0.1577858439201452
28.86    0.16660617059891109
28.89    0.17477313974591652
28.92    0.18196007259528132
28.95    0.18784029038112524
28.98    0.18784029038112524
29.01    0.19274047186932852
29.04    0.1960072595281307
29.07    0.19829401088929222
29.1    0.19927404718693287
29.13    0.19894736842105265
29.16    0.19698729582577135
29.19    0.19372050816696917
29.22    0.1891470054446461
29.25    0.1832667876588022
29.28    0.1832667876588022
29.31    0.17640653357531763
29.34    0.16823956442831217
29.37    0.1594192377495463
29.4    0.14961887477313976
29.43    0.13916515426497278
29.46    0.1283847549909256
29.49    0.11760435571687841
29.52    0.10649727767695101
29.55    0.09571687840290381
29.58    0.09571687840290381
29.61    0.08558983666061706
29.64    0.07578947368421053
29.67    0.06729582577132487
29.7    0.05945553539019964
29.73    0.05292196007259529
29.76    0.0476950998185118
29.79    0.04410163339382941
29.82    0.04181488203266788
29.85    0.041161524500907445
29.88    0.041161524500907445
29.91    0.04181488203266788
29.94    0.04410163339382941
29.97    0.048021778584392015
30.0    0.053248638838475505
30.03    0.05978221415607986
30.06    0.06729582577132487
30.09    0.07578947368421053
30.12    0.08526315789473685
30.15    0.09506352087114338
30.18    0.09506352087114338
30.21    0.10551724137931036
30.24    0.11597096188747733
30.27    0.12675136116152452
30.3    0.13720508166969148
30.33    0.14700544464609802
30.36    0.15680580762250454
30.39    0.16529945553539022
30.42    0.17346642468239565
30.45    0.18065335753176046
30.48    0.18065335753176046
30.51    0.18653357531760437
30.54    0.19143375680580763
30.57    0.19502722323049004
30.6    0.19731397459165156
30.63    0.19829401088929222
30.66    0.197967332123412
30.69    0.1960072595281307
30.72    0.19306715063520874
30.75    0.18849364791288567
30.78    0.18849364791288567
30.81    0.18294010889292198
30.84    0.17640653357531763
30.87    0.16823956442831217
30.9    0.15974591651542652
30.93    0.14994555353901998
30.96    0.139491833030853
30.99    0.12903811252268604
31.02    0.11793103448275863
31.05    0.10682395644283123
31.08    0.10682395644283123
31.11    0.09604355716878403
31.14    0.08558983666061706
31.17    0.07611615245009075
31.2    0.06729582577132487
31.23    0.05945553539019964
31.26    0.05292196007259529
31.29    0.0476950998185118
31.32    0.043774954627949184
31.35    0.04181488203266788
31.38    0.04181488203266788
31.41    0.04083484573502723
31.44    0.04181488203266788
31.47    0.04410163339382941
31.5    0.048021778584392015
31.53    0.053248638838475505
31.56    0.05945553539019964
31.59    0.06696914700544465
31.62    0.07578947368421053
31.65    0.08493647912885663
31.68    0.08493647912885663
31.71    0.09473684210526316
31.74    0.10519056261343014
31.77    0.11564428312159711
31.8    0.1260980036297641
31.83    0.13655172413793104
31.86    0.1463520871143376
31.89    0.1561524500907441
31.92    0.16497277676951
31.95    0.17313974591651543
31.98    0.17313974591651543
32.01    0.18032667876588024
32.04    0.18620689655172415
32.07    0.1911070780399274
32.1    0.19502722323049004
32.13    0.19731397459165156
32.16    0.19862068965517243
32.19    0.19829401088929222
32.22    0.19666061705989113
32.25    0.19339382940108896
32.28    0.19339382940108896
32.31    0.1891470054446461
32.34    0.1835934664246824
32.37    0.17673321234119785
32.4    0.1688929219600726
32.43    0.16007259528130674
32.46    0.1505989110707804
32.49    0.14047186932849365
32.52    0.1300181488203267
32.55    0.1192377495462795
32.58    0.1192377495462795
32.61    0.1081306715063521
32.64    0.09767695099818513
32.67    0.08722323049001815
32.7    0.07774954627949184
32.73    0.06892921960072595
32.76    0.061088929219600734
32.79    0.054555353901996374
32.82    0.04932849364791289
32.85    0.04540834845735028
32.88    0.04540834845735028
32.91    0.04279491833030853
32.94    0.04181488203266788
32.97    0.042468239564428314
33.0    0.04475499092558984
33.03    0.04834845735027224
33.06    0.053248638838475505
33.09    0.05945553539019964
33.12    0.06696914700544465
33.15    0.0751361161524501
33.18    0.0751361161524501
33.21    0.0842831215970962
33.24    0.09408348457350273
33.27    0.10453720508166969
33.3    0.11466424682395646
33.33    0.1251179673321234
33.36    0.1355716878402904
33.39    0.14537205081669693
33.42    0.15517241379310345
33.45    0.16399274047186935
33.48    0.16399274047186935
33.51    0.17215970961887478
33.54    0.17901996370235937
33.57    0.1852268602540835
33.6    0.19012704174228676
33.63    0.19372050816696917
33.66    0.1963339382940109
33.69    0.19764065335753178
33.72    0.19731397459165156
33.75    0.1960072595281307
33.78    0.1960072595281307
33.81    0.19306715063520874
33.84    0.1888203266787659
33.87    0.1832667876588022
33.9    0.17673321234119785
33.93    0.1688929219600726
33.96    0.16007259528130674
33.99    0.1505989110707804
34.02    0.14047186932849365
34.05    0.12969147005444648
34.08    0.12969147005444648
34.11    0.11891107078039928
34.14    0.1081306715063521
34.17    0.09767695099818513
34.2    0.08722323049001815
34.23    0.07774954627949184
34.26    0.06892921960072595
34.29    0.06141560798548095
34.32    0.05488203266787659
34.35    0.04932849364791289
34.38    0.04932849364791289
34.41    0.045735027223230494
34.44    0.043448275862068966
34.47    0.042468239564428314
34.5    0.04312159709618875
34.53    0.04508166969147006
34.56    0.048675136116152457
34.59    0.05390199637023594
34.62    0.060108892921960075
34.65    0.06729582577132487
34.68    0.06729582577132487
34.71    0.07546279491833031
34.74    0.0842831215970962
34.77    0.09408348457350273
34.8    0.10421052631578948
34.83    0.11466424682395646
34.86    0.1251179673321234
34.89    0.13524500907441017
34.92    0.14537205081669693
34.95    0.15484573502722324
34.98    0.15484573502722324
35.01    0.16366606170598913
35.04    0.17183303085299456
35.07    0.17901996370235937
35.1    0.18490018148820328
35.13    0.19012704174228676
35.16    0.19372050816696917
35.19    0.1963339382940109
35.22    0.19731397459165156
35.25    0.19731397459165156
35.28    0.19731397459165156
35.31    0.19568058076225048
35.34    0.19306715063520874
35.37    0.1891470054446461
35.4    0.1835934664246824
35.43    0.17705989110707807
35.46    0.16954627949183304
35.49    0.1610526315789474
35.52    0.15157894736842106
35.55    0.1414519056261343
35.58    0.1414519056261343
35.61    0.13099818511796735
35.64    0.12021778584392015
35.67    0.10943738656987297
35.7    0.09865698729582578
35.73    0.08852994555353903
35.76    0.0790562613430127
35.79    0.07023593466424682
35.82    0.0623956442831216
35.85    0.05586206896551724
35.88    0.05586206896551724
35.91    0.05063520871143376
35.94    0.046715063520871146
35.97    0.04410163339382941
36.0    0.04312159709618875
36.03    0.043774954627949184
36.06    0.045735027223230494
36.09    0.049001814882032674
36.12    0.05390199637023594
36.15    0.05978221415607986
36.18    0.05978221415607986
36.21    0.06696914700544465
36.24    0.07480943738656988
36.27    0.08395644283121598
36.3    0.09343012704174229
36.33    0.10355716878402904
36.36    0.1136842105263158
36.39    0.12381125226860255
36.42    0.1339382940108893
36.45    0.14406533575317607
36.48    0.14406533575317607
36.51    0.15353901996370237
36.54    0.16235934664246826
36.57    0.1705263157894737
36.6    0.1777132486388385
36.63    0.18392014519056263
36.66    0.1888203266787659
36.69    0.1924137931034483
36.72    0.19502722323049004
36.75    0.1963339382940109
36.78    0.1963339382940109
36.81    0.1960072595281307
36.84    0.19470054446460983
36.87    0.19208711433756806
36.9    0.18816696914700545
36.93    0.18294010889292198
36.96    0.17640653357531763
36.99    0.1688929219600726
37.02    0.16072595281306717
37.05    0.15157894736842106
37.08    0.15157894736842106
37.11    0.1414519056261343
37.14    0.13132486388384756
37.17    0.12054446460980037
37.2    0.1100907441016334
37.23    0.09963702359346643
37.26    0.08950998185117968
37.29    0.08003629764065337
37.32    0.07121597096188749
37.35    0.06370235934664248
37.38    0.06370235934664248
37.41    0.05716878402903812
37.44    0.05161524500907441
37.47    0.0476950998185118
37.5    0.04508166969147006
37.53    0.04410163339382941
37.56    0.044428312159709625
37.59    0.04638838475499093
37.62    0.049981851179673326
37.65    0.054555353901996374
37.68    0.054555353901996374
37.71    0.06043557168784029
37.74    0.06729582577132487
37.77    0.07546279491833031
37.8    0.0842831215970962
37.83    0.09375680580762251
37.86    0.10355716878402904
37.89    0.1136842105263158
37.92    0.12381125226860255
37.95    0.1339382940108893
37.98    0.1339382940108893
38.01    0.14373865698729585
38.04    0.15288566243194193
38.07    0.16170598911070783
38.1    0.16987295825771326
38.13    0.17705989110707807
38.16    0.1832667876588022
38.19    0.18849364791288567
38.22    0.1924137931034483
38.25    0.19470054446460983
38.28    0.19470054446460983
38.31    0.1960072595281307
38.34    0.1960072595281307
38.37    0.19470054446460983
38.4    0.19208711433756806
38.43    0.18816696914700545
38.46    0.18294010889292198
38.49    0.17673321234119785
38.52    0.16954627949183304
38.55    0.1610526315789474
38.58    0.1610526315789474
38.61    0.15190562613430128
38.64    0.14210526315789473
38.67    0.131978221415608
38.7    0.12152450090744103
38.73    0.11074410163339383
38.76    0.10029038112522687
38.79    0.09049001814882034
38.82    0.08101633393829402
38.85    0.07219600725952814
38.88    0.07219600725952814
38.91    0.06435571687840291
38.94    0.057822141560798554
38.97    0.052268602540834846
39.0    0.04834845735027224
39.03    0.045735027223230494
39.06    0.044428312159709625
39.09    0.04475499092558984
39.12    0.04638838475499093
39.15    0.04965517241379311
39.18    0.04965517241379311
39.21    0.05422867513611616
39.24    0.05978221415607986
39.27    0.06696914700544465
39.3    0.07480943738656988
39.33    0.08330308529945554
39.36    0.09277676950998186
39.39    0.10225045372050817
39.42    0.1120508166969147
39.45    0.12217785843920147
39.48    0.12217785843920147
39.51    0.13230490018148822
39.54    0.14177858439201452
39.57    0.15125226860254085
39.6    0.16007259528130674
39.63    0.16823956442831217
39.66    0.1757531760435572
39.69    0.18196007259528132
39.72    0.1871869328493648
39.75    0.1911070780399274
39.78    0.1911070780399274
39.81    0.1940471869328494
39.84    0.19568058076225048
39.87    0.19568058076225048
39.9    0.19470054446460983
39.93    0.19208711433756806
39.96    0.18849364791288567
39.99    0.1832667876588022
40.02    0.17705989110707807
40.05    0.16987295825771326
40.08    0.16987295825771326
40.11    0.16170598911070783
40.14    0.15288566243194193
40.17    0.14308529945553541
40.2    0.13295825771324865
40.23    0.1228312159709619
40.26    0.11237749546279492
40.29    0.10192377495462795
40.32    0.0917967332123412
40.35    0.08232304900181489
40.38    0.08232304900181489
40.41    0.07382940108892923
40.44    0.065989110707804
40.47    0.05912885662431942
40.5    0.05390199637023594
40.53    0.04965517241379311
40.56    0.04704174228675136
40.59    0.045735027223230494
40.62    0.045735027223230494
40.65    0.04736842105263158
40.68    0.04736842105263158
40.71    0.05030852994555354
40.74    0.05488203266787659
40.77    0.06043557168784029
40.8    0.06729582577132487
40.83    0.07480943738656988
40.86    0.08330308529945554
40.89    0.09245009074410164
40.92    0.10192377495462795
40.95    0.11172413793103449
40.98    0.11172413793103449
41.01    0.12185117967332125
41.04    0.13165154264972778
41.07    0.1414519056261343
41.1    0.15092558983666063
41.13    0.15974591651542652
41.16    0.16791288566243195
41.19    0.17509981851179673
41.22    0.1813067150635209
41.25    0.18653357531760437
41.28    0.18653357531760437
41.31    0.1907803992740472
41.34    0.19372050816696917
41.37    0.19502722323049004
41.4    0.19535390199637026
41.43    0.1943738656987296
41.46    0.19208711433756806
41.49    0.18849364791288567
41.52    0.1835934664246824
41.55    0.17738656987295828
41.58    0.17738656987295828
41.61    0.17019963702359348
41.64    0.16203266787658804
41.67    0.15321234119782215
41.7    0.14341197822141563
41.73    0.13328493647912887
41.76    0.1228312159709619
41.79    0.11237749546279492
41.82    0.10225045372050817
41.85    0.09245009074410164
41.88    0.09245009074410164
41.91    0.08297640653357533
41.94    0.07415607985480945
41.97    0.06631578947368422
42.0    0.05945553539019964
42.03    0.05390199637023594
42.06    0.04965517241379311
42.09    0.046715063520871146
42.12    0.04508166969147006
42.15    0.04508166969147006
42.18    0.04508166969147006
42.21    0.046715063520871146
42.24    0.04965517241379311
42.27    0.05390199637023594
42.3    0.05945553539019964
42.33    0.06631578947368422
42.36    0.07382940108892923
42.39    0.08232304900181489
42.42    0.09147005444646099
42.45    0.10127041742286752
42.48    0.10127041742286752
42.51    0.11107078039927405
42.54    0.1211978221415608
42.57    0.13132486388384756
42.6    0.14112522686025408
42.63    0.1502722323049002
42.66    0.1594192377495463
42.69    0.16758620689655174
42.72    0.17509981851179673
42.75    0.1813067150635209
42.78    0.1813067150635209
42.81    0.18653357531760437
42.84    0.1907803992740472
42.87    0.19372050816696917
42.9    0.19535390199637026
42.93    0.1960072595281307
42.96    0.19502722323049004
42.99    0.1924137931034483
43.02    0.1888203266787659
43.05    0.18392014519056263
43.08    0.18392014519056263
43.11    0.17803992740471872
43.14    0.1708529945553539
43.17    0.16268602540834848
43.2    0.15386569872958258
43.23    0.14439201451905628
43.26    0.13426497277676952
43.29    0.12413793103448277
43.32    0.1136842105263158
43.35    0.10323049001814882
43.38    0.10323049001814882
43.41    0.09310344827586207
43.44    0.08362976406533576
43.47    0.07480943738656988
43.5    0.06696914700544465
43.53    0.060108892921960075
43.56    0.054555353901996374
43.59    0.05030852994555354
43.62    0.04736842105263158
43.65    0.04606170598911071
43.68    0.04606170598911071
43.71    0.04606170598911071
43.74    0.04736842105263158
43.77    0.05030852994555354
43.8    0.054555353901996374
43.83    0.05978221415607986
43.86    0.06664246823956443
43.89    0.07382940108892923
43.92    0.08232304900181489
43.95    0.09114337568058077
43.98    0.09114337568058077
44.01    0.1009437386569873
44.04    0.11074410163339383
44.07    0.12087114337568058
44.1    0.13067150635208713
44.13    0.14047186932849365
44.16    0.14961887477313976
44.19    0.15843920145190563
44.22    0.16660617059891109
44.25    0.17411978221415608
44.28    0.17411978221415608
44.31    0.18032667876588024
44.34    0.18588021778584393
44.37    0.19012704174228676
44.4    0.19274047186932852
44.43    0.1943738656987296
44.46    0.19470054446460983
44.49    0.19372050816696917
44.52    0.1911070780399274
44.55    0.18784029038112524
44.58    0.18784029038112524
44.61    0.18294010889292198
44.64    0.17705989110707807
44.67    0.17019963702359348
44.7    0.16235934664246826
44.73    0.15353901996370237
44.76    0.14406533575317607
44.79    0.1339382940108893
44.82    0.12381125226860255
44.85    0.1136842105263158
44.88    0.1136842105263158
44.91    0.10323049001814882
44.94    0.09343012704174229
44.97    0.0842831215970962
45.0    0.07578947368421053
45.03    0.0679491833030853
45.06    0.061088929219600734
45.09    0.055535390199637026
45.12    0.051288566243194195
45.15    0.04834845735027224
45.18    0.04834845735027224
45.21    0.04704174228675136
45.24    0.04704174228675136
45.27    0.048675136116152457
45.3    0.051288566243194195
45.33    0.055535390199637026
45.36    0.060762250453720516
45.39    0.06696914700544465
45.42    0.07448275862068966
45.45    0.08264972776769511
45.48    0.08264972776769511
45.51    0.0917967332123412
45.54    0.1009437386569873
45.57    0.11074410163339383
45.6    0.12054446460980037
45.63    0.1303448275862069
45.66    0.14014519056261343
45.69    0.14929219600725954
45.72    0.1581125226860254
45.75    0.16627949183303087
45.78    0.16627949183303087
45.81    0.17346642468239565
45.84    0.1796733212341198
45.87    0.18490018148820328
45.9    0.1891470054446461
45.93    0.19208711433756806
45.96    0.19372050816696917
45.99    0.1943738656987296
46.02    0.19339382940108896
46.05    0.19143375680580763
46.08    0.19143375680580763
46.11    0.18784029038112524
46.14    0.1832667876588022
46.17    0.17738656987295828
46.2    0.1705263157894737
46.23    0.16268602540834848
46.26    0.1541923774954628
46.29    0.1447186932849365
46.32    0.13491833030852995
46.35    0.1247912885662432
46.38    0.1247912885662432
46.41    0.11433756805807624
46.44    0.10421052631578948
46.47    0.09441016333938294
46.5    0.08493647912885663
46.53    0.07644283121597097
46.56    0.06860254083484574
46.59    0.062068965517241385
46.62    0.05618874773139746
46.65    0.05194192377495463
46.68    0.05194192377495463
46.71    0.049001814882032674
46.74    0.04736842105263158
46.77    0.04736842105263158
46.8    0.048675136116152457
46.83    0.051288566243194195
46.86    0.05520871143375681
46.89    0.060108892921960075
46.92    0.06631578947368422
46.95    0.07350272232304901
46.98    0.07350272232304901
47.01    0.08134301270417424
47.04    0.09016333938294012
47.07    0.09963702359346643
47.1    0.10911070780399275
47.13    0.1192377495462795
47.16    0.12903811252268604
47.19    0.13883847549909256
47.22    0.14798548094373867
47.25    0.15680580762250454
47.28    0.15680580762250454
47.31    0.16497277676951
47.34    0.172486388384755
47.37    0.17901996370235937
47.4    0.18424682395644285
47.43    0.18849364791288567
47.46    0.19176043557168784
47.49    0.19372050816696917
47.52    0.1943738656987296
47.55    0.19372050816696917
47.58    0.19372050816696917
47.61    0.19176043557168784
47.64    0.18849364791288567
47.67    0.18392014519056263
47.7    0.17836660617059893
47.73    0.17150635208711434
47.76    0.16366606170598913
47.79    0.15517241379310345
47.82    0.14602540834845737
47.85    0.13622504537205082
47.88    0.13622504537205082
47.91    0.1260980036297641
47.94    0.11564428312159711
47.97    0.10551724137931036
48.0    0.09571687840290381
48.03    0.0862431941923775
48.06    0.07742286751361162
48.09    0.0699092558983666
48.12    0.06304900181488204
48.15    0.05749546279491834
48.18    0.05749546279491834
48.21    0.05292196007259529
48.24    0.049981851179673326
48.27    0.04834845735027224
48.3    0.048021778584392015
48.33    0.049001814882032674
48.36    0.051288566243194195
48.39    0.05520871143375681
48.42    0.060108892921960075
48.45    0.06631578947368422
48.48    0.06631578947368422
48.51    0.07350272232304901
48.54    0.08134301270417424
48.57    0.09016333938294012
48.6    0.09931034482758622
48.63    0.10911070780399275
48.66    0.11891107078039928
48.69    0.12871143375680583
48.72    0.13818511796733213
48.75    0.14765880217785846
48.78    0.14765880217785846
48.81    0.15647912885662432
48.84    0.16464609800362978
48.87    0.17183303085299456
48.9    0.17836660617059893
48.93    0.18392014519056263
48.96    0.18816696914700545
48.99    0.19143375680580763
49.02    0.19339382940108896
49.05    0.1940471869328494
49.08    0.1940471869328494
49.11    0.19339382940108896
49.14    0.19143375680580763
49.17    0.18816696914700545
49.2    0.1835934664246824
49.23    0.1777132486388385
49.26    0.1708529945553539
49.29    0.1630127041742287
49.32    0.15451905626134302
49.35    0.14504537205081672
49.38    0.14504537205081672
49.41    0.1355716878402904
49.44    0.12544464609800365
49.47    0.11531760435571689
49.5    0.10519056261343014
49.53    0.0953901996370236
49.56    0.0862431941923775
49.59    0.07774954627949184
49.62    0.0699092558983666
49.65    0.06304900181488204
49.68    0.06304900181488204
49.71    0.05749546279491834
49.74    0.053248638838475505
49.77    0.05030852994555354
49.8    0.048675136116152457
49.83    0.04834845735027224
49.86    0.04932849364791289
49.89    0.05194192377495463
49.92    0.055535390199637026
49.95    0.060762250453720516
49.98    0.060762250453720516
50.01    0.06696914700544465
50.04    0.07415607985480945
50.07    0.08199637023593467
50.1    0.09081669691470055
50.13    0.09996370235934665
50.16    0.10943738656987297
50.19    0.1192377495462795
50.22    0.12871143375680583
50.25    0.13818511796733213
50.28    0.13818511796733213
50.31    0.14765880217785846
50.34    0.1561524500907441
50.37    0.16431941923774956
50.4    0.17183303085299456
50.43    0.17803992740471872
50.46    0.1835934664246824
50.49    0.18784029038112524
50.52    0.1911070780399274
50.55    0.19274047186932852
50.58    0.19274047186932852
50.61    0.19339382940108896
50.64    0.19274047186932852
50.67    0.1907803992740472
50.7    0.18751361161524502
50.73    0.1832667876588022
50.76    0.1777132486388385
50.79    0.1708529945553539
50.82    0.1633393829401089
50.85    0.15484573502722324
50.88    0.15484573502722324
50.91    0.14569872958257715
50.94    0.13622504537205082
50.97    0.1264246823956443
51.0    0.11629764065335754
51.03    0.1061705989110708
51.06    0.09637023593466426
51.09    0.08722323049001815
51.12    0.07872958257713249
51.15    0.07088929219600726
51.18    0.07088929219600726
51.21    0.0640290381125227
51.24    0.05847549909255899
51.27    0.05390199637023594
51.3    0.05096188747731398
51.33    0.049001814882032674
51.36    0.048675136116152457
51.39    0.04965517241379311
51.42    0.052268602540834846
51.45    0.05586206896551724
51.48    0.05586206896551724
51.51    0.060762250453720516
51.54    0.06664246823956443
51.57    0.0731760435571688
51.6    0.08101633393829402
51.63    0.08918330308529947
51.66    0.09833030852994556
51.69    0.10780399274047188
51.72    0.11760435571687841
51.75    0.12707803992740474
51.78    0.12707803992740474
51.81    0.13687840290381126
51.84    0.14602540834845737
51.87    0.15484573502722324
51.9    0.1630127041742287
51.93    0.1705263157894737
51.96    0.17705989110707807
51.99    0.18261343012704176
52.02    0.1871869328493648
52.05    0.19045372050816697
52.08    0.19045372050816697
52.11    0.1924137931034483
52.14    0.19339382940108896
52.17    0.19306715063520874
52.2    0.1911070780399274
52.23    0.18816696914700545
52.26    0.18392014519056263
52.29    0.17836660617059893
52.32    0.17183303085299456
52.35    0.16431941923774956
52.38    0.16431941923774956
52.41    0.1561524500907441
52.44    0.14700544464609802
52.47    0.1375317604355717
52.5    0.12773139745916517
52.53    0.11760435571687841
52.56    0.10747731397459166
52.59    0.09767695099818513
52.62    0.08852994555353903
52.65    0.07970961887477315
52.68    0.07970961887477315
52.71    0.07219600725952814
52.74    0.06533575317604357
52.77    0.05945553539019964
52.8    0.05520871143375681
52.83    0.05194192377495463
52.86    0.049981851179673326
52.89    0.04932849364791289
52.92    0.05030852994555354
52.95    0.052268602540834846
52.98    0.052268602540834846
53.01    0.05586206896551724
53.04    0.06043557168784029
53.07    0.06631578947368422
53.1    0.0731760435571688
53.13    0.0806896551724138
53.16    0.08918330308529947
53.19    0.09833030852994556
53.22    0.10780399274047188
53.25    0.1172776769509982
53.28    0.1172776769509982
53.31    0.12707803992740474
53.34    0.13655172413793104
53.37    0.14569872958257715
53.4    0.15451905626134302
53.43    0.16268602540834848
53.46    0.17019963702359348
53.49    0.17640653357531763
53.52    0.18196007259528132
53.55    0.18653357531760437
53.58    0.18653357531760437
53.61    0.19012704174228676
53.64    0.19208711433756806
53.67    0.19306715063520874
53.7    0.19274047186932852
53.73    0.1907803992740472
53.76    0.18751361161524502
53.79    0.1832667876588022
53.82    0.1777132486388385
53.85    0.17117967332123413
53.88    0.17117967332123413
53.91    0.16366606170598913
53.94    0.15517241379310345
53.97    0.1463520871143376
54.0    0.13687840290381126
54.03    0.12707803992740474
54.06    0.1172776769509982
54.09    0.10715063520871144
54.12    0.09767695099818513
54.15    0.08852994555353903
54.18    0.08852994555353903
54.21    0.08003629764065337
54.24    0.07219600725952814
54.27    0.06566243194192378
54.3    0.05978221415607986
54.33    0.055535390199637026
54.36    0.052268602540834846
54.39    0.05030852994555354
54.42    0.04965517241379311
54.45    0.05063520871143376
54.48    0.05063520871143376
54.51    0.05292196007259529
54.54    0.056515426497277685
54.57    0.06141560798548095
54.6    0.06696914700544465
54.63    0.07382940108892923
54.66    0.08134301270417424
54.69    0.0898366606170599
54.72    0.09865698729582578
54.75    0.1081306715063521
54.78    0.1081306715063521
54.81    0.11760435571687841
54.84    0.12707803992740474
54.87    0.13622504537205082
54.9    0.14537205081669693
54.93    0.1541923774954628
54.96    0.16235934664246826
54.99    0.16954627949183304
55.02    0.1760798548094374
55.05    0.1816333938294011
55.08    0.1816333938294011
55.11    0.18588021778584393
55.14    0.1891470054446461
55.17    0.19143375680580763
55.2    0.19208711433756806
55.23    0.19176043557168784
55.26    0.19012704174228676
55.29    0.1871869328493648
55.32    0.18294010889292198
55.35    0.1777132486388385
55.38    0.1777132486388385
55.41    0.17150635208711434
55.44    0.16399274047186935
55.47    0.1558257713248639
55.5    0.14700544464609802
55.53    0.1375317604355717
55.56    0.1280580762250454
55.59    0.11825771324863885
55.62    0.1081306715063521
55.65    0.09865698729582578
55.68    0.09865698729582578
55.71    0.08950998185117968
55.74    0.08101633393829402
55.77    0.0731760435571688
55.8    0.06631578947368422
55.83    0.06043557168784029
55.86    0.05586206896551724
55.89    0.05292196007259529
55.92    0.05096188747731398
55.95    0.05030852994555354
55.98    0.05030852994555354
56.01    0.05096188747731398
56.04    0.05292196007259529
56.07    0.05618874773139746
56.1    0.06043557168784029
56.13    0.065989110707804
56.16    0.07252268602540836
56.19    0.08003629764065337
56.22    0.08852994555353903
56.25    0.09735027223230491
56.28    0.09735027223230491
56.31    0.10649727767695101
56.34    0.11597096188747733
56.37    0.12577132486388387
56.4    0.13524500907441017
56.43    0.14439201451905628
56.46    0.15321234119782215
56.49    0.1613793103448276
56.52    0.1688929219600726
56.55    0.17542649727767695
56.58    0.17542649727767695
56.61    0.18098003629764067
56.64    0.18588021778584393
56.67    0.18947368421052632
56.7    0.19143375680580763
56.73    0.1924137931034483
56.76    0.1924137931034483
56.79    0.1907803992740472
56.82    0.18784029038112524
56.85    0.18392014519056263
56.88    0.18392014519056263
56.91    0.17869328493647915
56.94    0.172486388384755
56.97    0.16497277676951
57.0    0.15680580762250454
57.03    0.14798548094373867
57.06    0.13851179673321234
57.09    0.12903811252268604
57.12    0.1192377495462795
57.15    0.10943738656987297
57.18    0.10943738656987297
57.21    0.09963702359346643
57.24    0.09049001814882034
57.27    0.08199637023593467
57.3    0.07415607985480945
57.33    0.06696914700544465
57.36    0.061088929219600734
57.39    0.056515426497277685
57.42    0.053248638838475505
57.45    0.05096188747731398
57.48    0.05096188747731398
57.51    0.05030852994555354
57.54    0.05096188747731398
57.57    0.05292196007259529
57.6    0.056515426497277685
57.63    0.060762250453720516
57.66    0.06664246823956443
57.69    0.07284936479128858
57.72    0.08036297640653359
57.75    0.08852994555353903
57.78    0.08852994555353903
57.81    0.09735027223230491
57.84    0.10649727767695101
57.87    0.11597096188747733
57.9    0.12544464609800365
57.93    0.13459165154264974
57.96    0.14373865698729585
57.99    0.15255898366606171
58.02    0.16072595281306717
58.05    0.16823956442831217
58.08    0.16823956442831217
58.11    0.17477313974591652
58.14    0.18032667876588024
58.17    0.18457350272232306
58.2    0.18816696914700545
58.23    0.19012704174228676
58.26    0.1911070780399274
58.29    0.1907803992740472
58.32    0.18947368421052632
58.35    0.18686025408348458
58.38    0.18686025408348458
58.41    0.18294010889292198
58.44    0.1777132486388385
58.47    0.17150635208711434
58.5    0.16431941923774956
58.53    0.15647912885662432
58.56    0.14765880217785846
58.59    0.13851179673321234
58.62    0.12903811252268604
58.65    0.1192377495462795
58.68    0.1192377495462795
58.71    0.10943738656987297
58.74    0.09996370235934665
58.77    0.09081669691470055
58.8    0.08232304900181489
58.83    0.07480943738656988
58.86    0.06827586206896552
58.89    0.0623956442831216
58.92    0.057822141560798554
58.95    0.054555353901996374
58.98    0.054555353901996374
59.01    0.05259528130671507
59.04    0.05194192377495463
59.07    0.052268602540834846
59.1    0.05422867513611616
59.13    0.05749546279491834
59.16    0.06174228675136117
59.19    0.06729582577132487
59.22    0.07350272232304901
59.25    0.0806896551724138
59.28    0.0806896551724138
59.31    0.08885662431941925
59.34    0.09735027223230491
59.37    0.10649727767695101
59.4    0.11564428312159711
59.43    0.1251179673321234
59.46    0.13426497277676952
59.49    0.14308529945553541
59.52    0.15190562613430128
59.55    0.15974591651542652
59.58    0.15974591651542652
59.61    0.16725952813067152
59.64    0.17379310344827587
59.67    0.1793466424682396
59.7    0.18392014519056263
59.73    0.18751361161524502
59.76    0.19012704174228676
59.79    0.1911070780399274
59.82    0.1911070780399274
59.85    0.18947368421052632
59.88    0.18947368421052632
59.91    0.18686025408348458
59.94    0.18294010889292198
59.97    0.17803992740471872
60.0    0.17183303085299456
60.03    0.16497277676951
60.06    0.15680580762250454
60.09    0.1483121597096189
60.12    0.13883847549909256
60.15    0.12936479128856626
60.18    0.12936479128856626
60.21    0.11989110707803993
60.24    0.11041742286751362
60.27    0.1009437386569873
60.3    0.0917967332123412
60.33    0.08330308529945554
60.36    0.0751361161524501
60.39    0.06827586206896552
60.42    0.0623956442831216
60.45    0.05749546279491834
60.48    0.05749546279491834
60.51    0.05422867513611616
60.54    0.05194192377495463
60.57    0.051288566243194195
60.6    0.05161524500907441
60.63    0.05357531760435572
60.66    0.0568421052631579
60.69    0.061088929219600734
60.72    0.06631578947368422
60.75    0.07284936479128858
60.78    0.07284936479128858
60.81    0.08036297640653359
60.84    0.08820326678765882
60.87    0.09669691470054448
60.9    0.10584392014519058
60.93    0.11499092558983667
60.96    0.1247912885662432
60.99    0.1339382940108893
