0.20711433756805808
0.2038475499092559
0.19927404718693287
0.19339382940108896
0.18588021778584393
0.17738656987295828
0.17738656987295828
0.16758620689655174
0.15713248638838476
0.14569872958257715
0.13361161524500909
0.12152450090744103
0.10878402903811253
0.09669691470054448
0.08460980036297641
0.07350272232304901
0.07350272232304901
0.06304900181488204
0.05357531760435572
0.04540834845735028
0.03887477313974592
0.033647912885662434
0.030381125226860258
0.02874773139745917
0.02874773139745917
0.030707803992740475
0.030707803992740475
0.034627949183303086
0.039854809437386576
0.046715063520871146
0.05520871143375681
0.06468239564428313
0.0751361161524501
0.08656987295825772
0.09833030852994556
0.11074410163339383
0.11074410163339383
0.1228312159709619
0.13491833030852995
0.1466787658802178
0.1581125226860254
0.1685662431941924
0.17803992740471872
0.18620689655172415
0.19339382940108896
0.19927404718693287
0.19927404718693287
0.2038475499092559
0.20711433756805808
0.20874773139745917
0.20874773139745917
0.20711433756805808
0.20417422867513613
0.1999274047186933
0.1940471869328494
0.18686025408348458
0.18686025408348458
0.17869328493647915
0.1688929219600726
0.15843920145190563
0.14733212341197824
0.1355716878402904
0.11074410163339383
0.09865698729582578
0.08656987295825772
0.07546279491833031
0.07546279491833031
0.06500907441016335
0.055535390199637026
0.04736842105263158
0.04050816696914701
0.03528130671506352
0.03168784029038113
0.030054446460980037
0.030054446460980037
0.03168784029038113
0.03168784029038113
0.03528130671506352
0.04050816696914701
0.04704174228675136
0.05520871143375681
0.06435571687840291
0.07480943738656988
0.08591651542649728
0.09767695099818513
0.10976406533575318
0.10976406533575318
0.12185117967332125
0.13361161524500909
0.14537205081669693
0.15647912885662432
0.1669328493647913
0.17640653357531763
0.18490018148820328
0.19208711433756806
0.197967332123412
0.197967332123412
0.20254083484573504
0.2058076225045372
0.2074410163339383
0.20776769509981852
0.20646098003629765
0.2035208711433757
0.19927404718693287
0.19372050816696917
0.18686025408348458
0.18686025408348458
0.17869328493647915
0.16921960072595282
0.15876588021778584
0.14765880217785846
0.13622504537205082
0.12413793103448277
0.11172413793103449
0.09963702359346643
0.08754990925589837
0.08754990925589837
0.07644283121597097
0.065989110707804
0.056515426497277685
0.048021778584392015
0.041161524500907445
0.03593466424682396
0.032341197822141565
0.030381125226860258
0.030054446460980037
0.030054446460980037
0.03168784029038113
0.0349546279491833
0.039854809437386576
0.04638838475499093
0.05422867513611616
0.06337568058076226
0.07350272232304901
0.0842831215970962
0.09604355716878403
0.09604355716878403
0.10780399274047188
0.11989110707803993
0.131978221415608
0.14341197822141563
0.15451905626134302
0.16497277676951
0.1744464609800363
0.18294010889292198
0.19045372050816697
0.19045372050816697
0.1963339382940109
0.20123411978221417
0.20450090744101634
0.20646098003629765
0.20678765880217786
0.205480943738657
0.20286751361161526
0.19894736842105265
0.19339382940108896
0.19339382940108896
0.18653357531760437
0.17869328493647915
0.16954627949183304
0.1594192377495463
0.1483121597096189
0.13687840290381126
0.1247912885662432
0.11270417422867514
0.10061705989110709
0.10061705989110709
0.08852994555353903
0.07742286751361162
0.06696914700544465
0.05749546279491834
0.049001814882032674
0.0421415607985481
0.0365880217785844
0.032994555353902
0.031034482758620693
0.031034482758620693
0.030381125226860258
0.03201451905626135
0.03528130671506352
0.039854809437386576
0.04638838475499093
0.05422867513611616
0.06304900181488204
0.0731760435571688
0.08395644283121598
0.08395644283121598
0.0953901996370236
0.10715063520871144
0.1192377495462795
0.13099818511796735
0.14243194192377498
0.15353901996370237
0.16399274047186935
0.17346642468239565
0.18196007259528132
0.18196007259528132
0.18947368421052632
0.19568058076225048
0.20025408348457352
0.2038475499092559
0.2058076225045372
0.20646098003629765
0.205480943738657
0.20286751361161526
0.19927404718693287
0.19927404718693287
0.19372050816696917
0.1871869328493648
0.1793466424682396
0.17019963702359348
0.16039927404718696
0.14961887477313976
0.13818511796733213
0.1260980036297641
0.11401088929219602
0.11401088929219602
0.10192377495462795
0.09016333938294012
0.0790562613430127
0.06827586206896552
0.058802177858439206
0.05030852994555354
0.04312159709618875
0.03756805807622505
0.033647912885662434
0.033647912885662434
0.03136116152450091
0.031034482758620693
0.032341197822141565
0.03528130671506352
0.039854809437386576
0.045735027223230494
0.053248638838475505
0.062068965517241385
0.07186932849364792
0.07186932849364792
0.08264972776769511
0.09408348457350273
0.10551724137931036
0.11760435571687841
0.12936479128856626
0.14079854809437387
0.15190562613430128
0.16235934664246826
0.17183303085299456
0.17183303085299456
0.18032667876588024
0.18784029038112524
0.1940471869328494
0.19894736842105265
0.20254083484573504
0.20482758620689656
0.205480943738657
0.20450090744101634
0.20221415607985482
0.20221415607985482
0.19862068965517243
0.19339382940108896
0.1871869328493648
0.1793466424682396
0.1705263157894737
0.16072595281306717
0.1502722323049002
0.13883847549909256
0.12707803992740474
0.12707803992740474
0.11499092558983667
0.10323049001814882
0.09147005444646099
0.08003629764065337
0.06958257713248639
0.060108892921960075
0.05161524500907441
0.04475499092558984
0.03887477313974592
0.03887477313974592
0.0349546279491833
0.03266787658802178
0.03201451905626135
0.03332123411978222
0.03593466424682396
0.04050816696914701
0.046715063520871146
0.05390199637023594
0.06272232304900183
0.06272232304900183
0.07252268602540836
0.08297640653357533
0.09408348457350273
0.10584392014519058
0.11760435571687841
0.12903811252268604
0.14047186932849365
0.15157894736842106
0.16203266787658804
0.16203266787658804
0.17150635208711434
0.18032667876588024
0.18784029038112524
0.1940471869328494
0.19894736842105265
0.20254083484573504
0.20482758620689656
0.2058076225045372
0.20482758620689656
0.20482758620689656
0.20286751361161526
0.19927404718693287
0.1943738656987296
0.18784029038112524
0.18032667876588024
0.17150635208711434
0.16203266787658804
0.15157894736842106
0.14014519056261343
0.14014519056261343
0.12871143375680583
0.11662431941923776
0.10486388384754992
0.09310344827586207
0.08166969147005446
0.07121597096188749
0.06174228675136117
0.053248638838475505
0.04606170598911071
0.04606170598911071
0.04050816696914701
0.03626134301270418
0.03397459165154265
0.032994555353902
0.03397459165154265
0.036914700544464614
0.041161524500907445
0.046715063520871146
0.05390199637023594
0.05390199637023594
0.0623956442831216
0.07186932849364792
0.08232304900181489
0.09310344827586207
0.10453720508166969
0.11597096188747733
0.12773139745916517
0.13883847549909256
0.14961887477313976
0.14961887477313976
0.16007259528130674
0.16954627949183304
0.17803992740471872
0.18555353901996371
0.19208711433756806
0.19698729582577135
0.20090744101633395
0.20319419237749548
0.20417422867513613
0.20417422867513613
0.2035208711433757
0.2015607985480944
0.19829401088929222
0.19339382940108896
0.1871869328493648
0.18000000000000002
0.17150635208711434
0.16203266787658804
0.15157894736842106
0.15157894736842106
0.14047186932849365
0.12903811252268604
0.11695099818511798
0.10519056261343014
0.09375680580762251
0.08232304900181489
0.07186932849364792
0.0623956442831216
0.05390199637023594
0.05390199637023594
0.046715063520871146
0.04083484573502723
0.0365880217785844
0.03397459165154265
0.03332123411978222
0.03397459165154265
0.0365880217785844
0.04083484573502723
0.04638838475499093
0.04638838475499093
0.05357531760435572
0.06174228675136117
0.07121597096188749
0.08134301270417424
0.09212341197822142
0.10355716878402904
0.11499092558983667
0.1264246823956443
0.1378584392014519
0.1378584392014519
0.14896551724137932
0.1590925589836661
0.1688929219600726
0.17738656987295828
0.1852268602540835
0.19176043557168784
0.19666061705989113
0.20058076225045374
0.20286751361161526
0.20286751361161526
0.2038475499092559
0.2035208711433757
0.2015607985480944
0.19829401088929222
0.19339382940108896
0.18751361161524502
0.18000000000000002
0.17183303085299456
0.16235934664246826
0.16235934664246826
0.15190562613430128
0.14112522686025408
0.12969147005444648
0.11793103448275863
0.10584392014519058
0.09441016333938294
0.08330308529945554
0.07284936479128858
0.06304900181488204
0.06304900181488204
0.054555353901996374
0.04704174228675136
0.04148820326678766
0.03724137931034483
0.03430127041742287
0.03332123411978222
0.03430127041742287
0.0365880217785844
0.04050816696914701
0.04050816696914701
0.04606170598911071
0.05292196007259529
0.061088929219600734
0.07056261343012704
0.08036297640653359
0.09114337568058077
0.10257713248638839
0.11401088929219602
0.12544464609800365
0.12544464609800365
0.13687840290381126
0.14765880217785846
0.1581125226860254
0.16758620689655174
0.17640653357531763
0.18392014519056263
0.19045372050816697
0.19568058076225048
0.19960072595281309
0.19960072595281309
0.20221415607985482
0.2035208711433757
0.20319419237749548
0.2015607985480944
0.19862068965517243
0.1940471869328494
0.18816696914700545
0.1813067150635209
0.1728130671506352
0.1728130671506352
0.16366606170598913
0.15353901996370237
0.1427586206896552
0.13132486388384756
0.11989110707803993
0.1081306715063521
0.09669691470054448
0.08558983666061706
0.0751361161524501
0.0751361161524501
0.06533575317604357
0.0568421052631579
0.04965517241379311
0.043774954627949184
0.039201451905626135
0.0365880217785844
0.03528130671506352
0.03593466424682396
0.03822141560798548
0.03822141560798548
0.04181488203266788
0.04704174228675136
0.05390199637023594
0.06174228675136117
0.07088929219600726
0.0806896551724138
0.09114337568058077
0.10225045372050817
0.1136842105263158
0.1136842105263158
0.1251179673321234
0.13622504537205082
0.14700544464609802
0.15713248638838476
0.1669328493647913
0.17542649727767695
0.18294010889292198
0.18947368421052632
0.19470054446460983
0.19470054446460983
0.19862068965517243
0.20123411978221417
0.20254083484573504
0.20221415607985482
0.20058076225045374
0.19764065335753178
0.19339382940108896
0.18751361161524502
0.18065335753176046
0.18065335753176046
0.172486388384755
0.1633393829401089
0.15353901996370237
0.1427586206896552
0.13165154264972778
0.11989110707803993
0.10845735027223231
0.0970235934664247
0.08591651542649728
0.08591651542649728
0.07546279491833031
0.06566243194192378
0.05716878402903812
0.04965517241379311
0.043774954627949184
0.03952813067150635
0.0365880217785844
0.03528130671506352
0.035607985480943745
0.035607985480943745
0.037894736842105266
0.04148820326678766
0.046715063520871146
0.053248638838475505
0.061088929219600734
0.0699092558983666
0.07970961887477315
0.09016333938294012
0.10127041742286752
0.10127041742286752
0.11237749546279492
0.12381125226860255
0.13491833030852995
0.14569872958257715
0.1558257713248639
0.16529945553539022
0.17411978221415608
0.18196007259528132
0.18849364791288567
0.18849364791288567
0.1940471869328494
0.19829401088929222
0.20090744101633395
0.20221415607985482
0.20221415607985482
0.20058076225045374
0.19764065335753178
0.19339382940108896
0.18784029038112524
0.18784029038112524
0.18098003629764067
0.1728130671506352
0.16399274047186935
0.15386569872958258
0.14341197822141563
0.13230490018148822
0.12054446460980037
0.10911070780399275
0.09767695099818513
0.09767695099818513
0.08656987295825772
0.07611615245009075
0.06631578947368422
0.057822141560798554
0.05030852994555354
0.044428312159709625
0.039854809437386576
0.036914700544464614
0.035607985480943745
0.035607985480943745
0.03593466424682396
0.037894736842105266
0.04148820326678766
0.04638838475499093
0.05292196007259529
0.06043557168784029
0.06925589836660617
0.0790562613430127
0.08950998185117968
0.08950998185117968
0.10029038112522687
0.11172413793103449
0.1228312159709619
0.1339382940108893
0.1447186932849365
0.15484573502722324
0.16431941923774956
0.17313974591651543
0.18098003629764067
0.18098003629764067
0.18784029038112524
0.19339382940108896
0.19764065335753178
0.20058076225045374
0.2018874773139746
0.20221415607985482
0.20090744101633395
0.197967332123412
0.1940471869328494
0.1940471869328494
0.1888203266787659
0.18196007259528132
0.1744464609800363
0.16529945553539022
0.1558257713248639
0.14504537205081672
0.13426497277676952
0.1228312159709619
0.11139745916515427
0.11139745916515427
0.09996370235934665
0.08885662431941925
0.07840290381125227
0.06892921960072595
0.060108892921960075
0.05259528130671507
0.04638838475499093
0.04181488203266788
0.0385480943738657
0.0385480943738657
0.03724137931034483
0.03724137931034483
0.039201451905626135
0.042468239564428314
0.04736842105263158
0.05357531760435572
0.061088929219600734
0.06958257713248639
0.0790562613430127
0.0790562613430127
0.08918330308529947
0.09996370235934665
0.11074410163339383
0.12185117967332125
0.13263157894736843
0.14341197822141563
0.15353901996370237
0.1630127041742287
0.17183303085299456
0.17183303085299456
0.1796733212341198
0.18620689655172415
0.19176043557168784
0.1960072595281307
0.19927404718693287
0.20058076225045374
0.20090744101633395
0.1999274047186933
0.19731397459165156
0.19731397459165156
0.19339382940108896
0.18816696914700545
0.1816333938294011
0.17379310344827587
0.16497277676951
0.15549909255898367
0.14504537205081672
0.13426497277676952
0.1228312159709619
0.1228312159709619
0.11172413793103449
0.10029038112522687
0.08918330308529947
0.0790562613430127
0.06925589836660617
0.060762250453720516
0.053248638838475505
0.04704174228675136
0.0421415607985481
0.0421415607985481
0.03887477313974592
0.03756805807622505
0.03724137931034483
0.03887477313974592
0.0421415607985481
0.04704174228675136
0.053248638838475505
0.06043557168784029
0.06892921960072595
0.06892921960072595
0.07840290381125227
0.08852994555353903
0.09931034482758622
0.1100907441016334
0.12087114337568058
0.13165154264972778
0.14210526315789473
0.1522323049001815
0.16170598911070783
0.16170598911070783
0.1705263157894737
0.17836660617059893
0.1852268602540835
0.1907803992740472
0.19535390199637026
0.19829401088929222
0.20025408348457352
0.20058076225045374
0.19927404718693287
0.19927404718693287
0.19698729582577135
0.19306715063520874
0.18816696914700545
0.1816333938294011
0.17411978221415608
0.16562613430127043
0.1561524500907441
0.14569872958257715
0.13491833030852995
0.13491833030852995
0.12381125226860255
0.11270417422867514
0.10127041742286752
0.09049001814882034
0.08003629764065337
0.07056261343012704
0.06174228675136117
0.05422867513611616
0.048021778584392015
0.048021778584392015
0.04312159709618875
0.039854809437386576
0.03822141560798548
0.03822141560798548
0.039854809437386576
0.04312159709618875
0.0476950998185118
0.05357531760435572
0.060762250453720516
0.060762250453720516
0.06925589836660617
0.07840290381125227
0.08852994555353903
0.098983666061706
0.10976406533575318
0.12087114337568058
0.13165154264972778
0.14243194192377498
0.15255898366606171
0.15255898366606171
0.16203266787658804
0.1705263157894737
0.17836660617059893
0.1852268602540835
0.1907803992740472
0.19535390199637026
0.19862068965517243
0.20025408348457352
0.20058076225045374
0.20058076225045374
0.19960072595281309
0.19731397459165156
0.19372050816696917
0.18849364791288567
0.18228675136116154
0.17477313974591652
0.16627949183303087
0.15680580762250454
0.1466787658802178
0.1466787658802178
0.1358983666061706
0.12446460980036299
0.11335753176043559
0.10192377495462795
0.09114337568058077
0.0806896551724138
0.07121597096188749
0.0623956442831216
0.05488203266787659
0.05488203266787659
0.048675136116152457
0.043774954627949184
0.040181488203266794
0.0385480943738657
0.03822141560798548
0.039854809437386576
0.04279491833030853
0.04736842105263158
0.05292196007259529
0.05292196007259529
0.060108892921960075
0.06827586206896552
0.07742286751361162
0.08722323049001815
0.09767695099818513
0.10845735027223231
0.1192377495462795
0.1303448275862069
0.14079854809437387
0.14079854809437387
0.15092558983666063
0.16039927404718696
0.16921960072595282
0.17705989110707807
0.18392014519056263
0.18980036297640654
0.1943738656987296
0.19764065335753178
0.19960072595281309
0.19960072595281309
0.20025408348457352
0.19927404718693287
0.19698729582577135
0.19306715063520874
0.18816696914700545
0.18196007259528132
0.1744464609800363
0.16627949183303087
0.15680580762250454
0.15680580762250454
0.1466787658802178
0.13622504537205082
0.1251179673321234
0.11401088929219602
0.1029038112522686
0.0917967332123412
0.08166969147005446
0.07186932849364792
0.06304900181488204
0.06304900181488204
0.055535390199637026
0.04932849364791289
0.044428312159709625
0.041161524500907445
0.039201451905626135
0.03887477313974592
0.040181488203266794
0.04312159709618875
0.04736842105263158
0.04736842105263158
0.053248638838475505
0.060108892921960075
0.06827586206896552
0.0770961887477314
0.08689655172413793
0.0970235934664247
0.10780399274047188
0.11858439201451906
0.12969147005444648
0.12969147005444648
0.14014519056261343
0.1502722323049002
0.15974591651542652
0.1688929219600726
0.17673321234119785
0.1835934664246824
0.18947368421052632
0.1940471869328494
0.19764065335753178
0.19764065335753178
0.19960072595281309
0.20025408348457352
0.19927404718693287
0.19731397459165156
0.19372050816696917
0.1888203266787659
0.18294010889292198
0.1757531760435572
0.16758620689655174
0.16758620689655174
0.15843920145190563
0.1483121597096189
0.1378584392014519
0.12675136116152452
0.11597096188747733
0.10486388384754992
0.09375680580762251
0.08362976406533576
0.07382940108892923
0.07382940108892923
0.06500907441016335
0.05716878402903812
0.05096188747731398
0.045735027223230494
0.0421415607985481
0.040181488203266794
0.03952813067150635
0.04083484573502723
0.043448275862068966
0.043448275862068966
0.04736842105263158
0.05292196007259529
0.05978221415607986
0.06762250453720509
0.07644283121597097
0.0862431941923775
0.09637023593466426
0.10682395644283123
0.11760435571687841
0.11760435571687841
0.1283847549909256
0.13883847549909256
0.14896551724137932
0.15843920145190563
0.16725952813067152
0.17542649727767695
0.18228675136116154
0.18816696914700545
0.19274047186932852
0.19274047186932852
0.1963339382940109
0.19829401088929222
0.19894736842105265
0.19862068965517243
0.19666061705989113
0.19339382940108896
0.1888203266787659
0.18294010889292198
0.1757531760435572
0.1757531760435572
0.16758620689655174
0.15876588021778584
0.1486388384754991
0.13818511796733213
0.12740471869328496
0.11629764065335754
0.10486388384754992
0.09408348457350273
0.08362976406533576
0.08362976406533576
0.07415607985480945
0.06533575317604357
0.05749546279491834
0.05096188747731398
0.04606170598911071
0.042468239564428314
0.040181488203266794
0.039854809437386576
0.04083484573502723
0.04083484573502723
0.043448275862068966
0.0476950998185118
0.05292196007259529
0.05978221415607986
0.06762250453720509
0.07611615245009075
0.08591651542649728
0.09604355716878403
0.10649727767695101
0.10649727767695101
0.11695099818511798
0.12773139745916517
0.13818511796733213
0.1483121597096189
0.1577858439201452
0.16660617059891109
0.17477313974591652
0.18196007259528132
0.18784029038112524
0.18784029038112524
0.19274047186932852
0.1960072595281307
0.19829401088929222
0.19927404718693287
0.19894736842105265
0.19698729582577135
0.19372050816696917
0.1891470054446461
0.1832667876588022
0.1832667876588022
0.17640653357531763
0.16823956442831217
0.1594192377495463
0.14961887477313976
0.13916515426497278
0.1283847549909256
0.11760435571687841
0.10649727767695101
0.09571687840290381
0.09571687840290381
0.08558983666061706
0.07578947368421053
0.06729582577132487
0.05945553539019964
0.05292196007259529
0.0476950998185118
0.04410163339382941
0.04181488203266788
0.041161524500907445
0.041161524500907445
0.04181488203266788
0.04410163339382941
0.048021778584392015
0.053248638838475505
0.05978221415607986
0.06729582577132487
0.07578947368421053
0.08526315789473685
0.09506352087114338
0.09506352087114338
0.10551724137931036
0.11597096188747733
0.12675136116152452
0.13720508166969148
0.14700544464609802
0.15680580762250454
0.16529945553539022
0.17346642468239565
0.18065335753176046
0.18065335753176046
0.18653357531760437
0.19143375680580763
0.19502722323049004
0.19731397459165156
0.19829401088929222
0.197967332123412
0.1960072595281307
0.19306715063520874
0.18849364791288567
0.18849364791288567
0.18294010889292198
0.17640653357531763
0.16823956442831217
0.15974591651542652
0.14994555353901998
0.139491833030853
0.12903811252268604
0.11793103448275863
0.10682395644283123
0.10682395644283123
0.09604355716878403
0.08558983666061706
0.07611615245009075
0.06729582577132487
0.05945553539019964
0.05292196007259529
0.0476950998185118
0.043774954627949184
0.04181488203266788
0.04181488203266788
0.04083484573502723
0.04181488203266788
0.04410163339382941
0.048021778584392015
0.053248638838475505
0.05945553539019964
0.06696914700544465
0.07578947368421053
0.08493647912885663
0.08493647912885663
0.09473684210526316
0.10519056261343014
0.11564428312159711
0.1260980036297641
0.13655172413793104
0.1463520871143376
0.1561524500907441
0.16497277676951
0.17313974591651543
0.17313974591651543
0.18032667876588024
0.18620689655172415
0.1911070780399274
0.19502722323049004
0.19731397459165156
0.19862068965517243
0.19829401088929222
0.19666061705989113
0.19339382940108896
0.19339382940108896
0.1891470054446461
0.1835934664246824
0.17673321234119785
0.1688929219600726
0.16007259528130674
0.1505989110707804
0.14047186932849365
0.1300181488203267
0.1192377495462795
0.1192377495462795
0.1081306715063521
0.09767695099818513
0.08722323049001815
0.07774954627949184
0.06892921960072595
0.061088929219600734
0.054555353901996374
0.04932849364791289
0.04540834845735028
0.04540834845735028
0.04279491833030853
0.04181488203266788
0.042468239564428314
0.04475499092558984
0.04834845735027224
0.053248638838475505
0.05945553539019964
0.06696914700544465
0.0751361161524501
0.0751361161524501
0.0842831215970962
0.09408348457350273
0.10453720508166969
0.11466424682395646
0.1251179673321234
0.1355716878402904
0.14537205081669693
0.15517241379310345
0.16399274047186935
0.16399274047186935
0.17215970961887478
0.17901996370235937
0.1852268602540835
0.19012704174228676
0.19372050816696917
0.1963339382940109
0.19764065335753178
0.19731397459165156
0.1960072595281307
0.1960072595281307
0.19306715063520874
0.1888203266787659
0.1832667876588022
0.17673321234119785
0.1688929219600726
0.16007259528130674
0.1505989110707804
0.14047186932849365
0.12969147005444648
0.12969147005444648
0.11891107078039928
0.1081306715063521
0.09767695099818513
0.08722323049001815
0.07774954627949184
0.06892921960072595
0.06141560798548095
0.05488203266787659
0.04932849364791289
0.04932849364791289
0.045735027223230494
0.043448275862068966
0.042468239564428314
0.04312159709618875
0.04508166969147006
0.048675136116152457
0.05390199637023594
0.060108892921960075
0.06729582577132487
0.06729582577132487
0.07546279491833031
0.0842831215970962
0.09408348457350273
0.10421052631578948
0.11466424682395646
0.1251179673321234
0.13524500907441017
0.14537205081669693
0.15484573502722324
0.15484573502722324
0.16366606170598913
0.17183303085299456
0.17901996370235937
0.18490018148820328
0.19012704174228676
0.19372050816696917
0.1963339382940109
0.19731397459165156
0.19731397459165156
0.19731397459165156
0.19568058076225048
0.19306715063520874
0.1891470054446461
0.1835934664246824
0.17705989110707807
0.16954627949183304
0.1610526315789474
0.15157894736842106
0.1414519056261343
0.1414519056261343
0.13099818511796735
0.12021778584392015
0.10943738656987297
0.09865698729582578
0.08852994555353903
0.0790562613430127
0.07023593466424682
0.0623956442831216
0.05586206896551724
0.05586206896551724
0.05063520871143376
0.046715063520871146
0.04410163339382941
0.04312159709618875
0.043774954627949184
0.045735027223230494
0.049001814882032674
0.05390199637023594
0.05978221415607986
0.05978221415607986
0.06696914700544465
0.07480943738656988
0.08395644283121598
0.09343012704174229
0.10355716878402904
0.1136842105263158
0.12381125226860255
0.1339382940108893
0.14406533575317607
0.14406533575317607
0.15353901996370237
0.16235934664246826
0.1705263157894737
0.1777132486388385
0.18392014519056263
0.1888203266787659
0.1924137931034483
0.19502722323049004
0.1963339382940109
0.1963339382940109
0.1960072595281307
0.19470054446460983
0.19208711433756806
0.18816696914700545
0.18294010889292198
0.17640653357531763
0.1688929219600726
0.16072595281306717
0.15157894736842106
0.15157894736842106
0.1414519056261343
0.13132486388384756
0.12054446460980037
0.1100907441016334
0.09963702359346643
0.08950998185117968
0.08003629764065337
0.07121597096188749
0.06370235934664248
0.06370235934664248
0.05716878402903812
0.05161524500907441
0.0476950998185118
0.04508166969147006
0.04410163339382941
0.044428312159709625
0.04638838475499093
0.049981851179673326
0.054555353901996374
0.054555353901996374
0.06043557168784029
0.06729582577132487
0.07546279491833031
0.0842831215970962
0.09375680580762251
0.10355716878402904
0.1136842105263158
0.12381125226860255
0.1339382940108893
0.1339382940108893
0.14373865698729585
0.15288566243194193
0.16170598911070783
0.16987295825771326
0.17705989110707807
0.1832667876588022
0.18849364791288567
0.1924137931034483
0.19470054446460983
0.19470054446460983
0.1960072595281307
0.1960072595281307
0.19470054446460983
0.19208711433756806
0.18816696914700545
0.18294010889292198
0.17673321234119785
0.16954627949183304
0.1610526315789474
0.1610526315789474
0.15190562613430128
0.14210526315789473
0.131978221415608
0.12152450090744103
0.11074410163339383
0.10029038112522687
0.09049001814882034
0.08101633393829402
0.07219600725952814
0.07219600725952814
0.06435571687840291
0.057822141560798554
0.052268602540834846
0.04834845735027224
0.045735027223230494
0.044428312159709625
0.04475499092558984
0.04638838475499093
0.04965517241379311
0.04965517241379311
0.05422867513611616
0.05978221415607986
0.06696914700544465
0.07480943738656988
0.08330308529945554
0.09277676950998186
0.10225045372050817
0.1120508166969147
0.12217785843920147
0.12217785843920147
0.13230490018148822
0.14177858439201452
0.15125226860254085
0.16007259528130674
0.16823956442831217
0.1757531760435572
0.18196007259528132
0.1871869328493648
0.1911070780399274
0.1911070780399274
0.1940471869328494
0.19568058076225048
0.19568058076225048
0.19470054446460983
0.19208711433756806
0.18849364791288567
0.1832667876588022
0.17705989110707807
0.16987295825771326
0.16987295825771326
0.16170598911070783
0.15288566243194193
0.14308529945553541
0.13295825771324865
0.1228312159709619
0.11237749546279492
0.10192377495462795
0.0917967332123412
0.08232304900181489
0.08232304900181489
0.07382940108892923
0.065989110707804
0.05912885662431942
0.05390199637023594
0.04965517241379311
0.04704174228675136
0.045735027223230494
0.045735027223230494
0.04736842105263158
0.04736842105263158
0.05030852994555354
0.05488203266787659
0.06043557168784029
0.06729582577132487
0.07480943738656988
0.08330308529945554
0.09245009074410164
0.10192377495462795
0.11172413793103449
0.11172413793103449
0.12185117967332125
0.13165154264972778
0.1414519056261343
0.15092558983666063
0.15974591651542652
0.16791288566243195
0.17509981851179673
0.1813067150635209
0.18653357531760437
0.18653357531760437
0.1907803992740472
0.19372050816696917
0.19502722323049004
0.19535390199637026
0.1943738656987296
0.19208711433756806
0.18849364791288567
0.1835934664246824
0.17738656987295828
0.17738656987295828
0.17019963702359348
0.16203266787658804
0.15321234119782215
0.14341197822141563
0.13328493647912887
0.1228312159709619
0.11237749546279492
0.10225045372050817
0.09245009074410164
0.09245009074410164
0.08297640653357533
0.07415607985480945
0.06631578947368422
0.05945553539019964
0.05390199637023594
0.04965517241379311
0.046715063520871146
0.04508166969147006
0.04508166969147006
0.04508166969147006
0.046715063520871146
0.04965517241379311
0.05390199637023594
0.05945553539019964
0.06631578947368422
0.07382940108892923
0.08232304900181489
0.09147005444646099
0.10127041742286752
0.10127041742286752
0.11107078039927405
0.1211978221415608
0.13132486388384756
0.14112522686025408
0.1502722323049002
0.1594192377495463
0.16758620689655174
0.17509981851179673
0.1813067150635209
0.1813067150635209
0.18653357531760437
0.1907803992740472
0.19372050816696917
0.19535390199637026
0.1960072595281307
0.19502722323049004
0.1924137931034483
0.1888203266787659
0.18392014519056263
0.18392014519056263
0.17803992740471872
0.1708529945553539
0.16268602540834848
0.15386569872958258
0.14439201451905628
0.13426497277676952
0.12413793103448277
0.1136842105263158
0.10323049001814882
0.10323049001814882
0.09310344827586207
0.08362976406533576
0.07480943738656988
0.06696914700544465
0.060108892921960075
0.054555353901996374
0.05030852994555354
0.04736842105263158
0.04606170598911071
0.04606170598911071
0.04606170598911071
0.04736842105263158
0.05030852994555354
0.054555353901996374
0.05978221415607986
0.06664246823956443
0.07382940108892923
0.08232304900181489
0.09114337568058077
0.09114337568058077
0.1009437386569873
0.11074410163339383
0.12087114337568058
0.13067150635208713
0.14047186932849365
0.14961887477313976
0.15843920145190563
0.16660617059891109
0.17411978221415608
0.17411978221415608
0.18032667876588024
0.18588021778584393
0.19012704174228676
0.19274047186932852
0.1943738656987296
0.19470054446460983
0.19372050816696917
0.1911070780399274
0.18784029038112524
0.18784029038112524
0.18294010889292198
0.17705989110707807
0.17019963702359348
0.16235934664246826
0.15353901996370237
0.14406533575317607
0.1339382940108893
0.12381125226860255
0.1136842105263158
0.1136842105263158
0.10323049001814882
0.09343012704174229
0.0842831215970962
0.07578947368421053
0.0679491833030853
0.061088929219600734
0.055535390199637026
0.051288566243194195
0.04834845735027224
0.04834845735027224
0.04704174228675136
0.04704174228675136
0.048675136116152457
0.051288566243194195
0.055535390199637026
0.060762250453720516
0.06696914700544465
0.07448275862068966
0.08264972776769511
0.08264972776769511
0.0917967332123412
0.1009437386569873
0.11074410163339383
0.12054446460980037
0.1303448275862069
0.14014519056261343
0.14929219600725954
0.1581125226860254
0.16627949183303087
0.16627949183303087
0.17346642468239565
0.1796733212341198
0.18490018148820328
0.1891470054446461
0.19208711433756806
0.19372050816696917
0.1943738656987296
0.19339382940108896
0.19143375680580763
0.19143375680580763
0.18784029038112524
0.1832667876588022
0.17738656987295828
0.1705263157894737
0.16268602540834848
0.1541923774954628
0.1447186932849365
0.13491833030852995
0.1247912885662432
0.1247912885662432
0.11433756805807624
0.10421052631578948
0.09441016333938294
0.08493647912885663
0.07644283121597097
0.06860254083484574
0.062068965517241385
0.05618874773139746
0.05194192377495463
0.05194192377495463
0.049001814882032674
0.04736842105263158
0.04736842105263158
0.048675136116152457
0.051288566243194195
0.05520871143375681
0.060108892921960075
0.06631578947368422
0.07350272232304901
0.07350272232304901
0.08134301270417424
0.09016333938294012
0.09963702359346643
0.10911070780399275
0.1192377495462795
0.12903811252268604
0.13883847549909256
0.14798548094373867
0.15680580762250454
0.15680580762250454
0.16497277676951
0.172486388384755
0.17901996370235937
0.18424682395644285
0.18849364791288567
0.19176043557168784
0.19372050816696917
0.1943738656987296
0.19372050816696917
0.19372050816696917
0.19176043557168784
0.18849364791288567
0.18392014519056263
0.17836660617059893
0.17150635208711434
0.16366606170598913
0.15517241379310345
0.14602540834845737
0.13622504537205082
0.13622504537205082
0.1260980036297641
0.11564428312159711
0.10551724137931036
0.09571687840290381
0.0862431941923775
0.07742286751361162
0.0699092558983666
0.06304900181488204
0.05749546279491834
0.05749546279491834
0.05292196007259529
0.049981851179673326
0.04834845735027224
0.048021778584392015
0.049001814882032674
0.051288566243194195
0.05520871143375681
0.060108892921960075
0.06631578947368422
0.06631578947368422
0.07350272232304901
0.08134301270417424
0.09016333938294012
0.09931034482758622
0.10911070780399275
0.11891107078039928
0.12871143375680583
0.13818511796733213
0.14765880217785846
0.14765880217785846
0.15647912885662432
0.16464609800362978
0.17183303085299456
0.17836660617059893
0.18392014519056263
0.18816696914700545
0.19143375680580763
0.19339382940108896
0.1940471869328494
0.1940471869328494
0.19339382940108896
0.19143375680580763
0.18816696914700545
0.1835934664246824
0.1777132486388385
0.1708529945553539
0.1630127041742287
0.15451905626134302
0.14504537205081672
0.14504537205081672
0.1355716878402904
0.12544464609800365
0.11531760435571689
0.10519056261343014
0.0953901996370236
0.0862431941923775
0.07774954627949184
0.0699092558983666
0.06304900181488204
0.06304900181488204
0.05749546279491834
0.053248638838475505
0.05030852994555354
0.048675136116152457
0.04834845735027224
0.04932849364791289
0.05194192377495463
0.055535390199637026
0.060762250453720516
0.060762250453720516
0.06696914700544465
0.07415607985480945
0.08199637023593467
0.09081669691470055
0.09996370235934665
0.10943738656987297
0.1192377495462795
0.12871143375680583
0.13818511796733213
0.13818511796733213
0.14765880217785846
0.1561524500907441
0.16431941923774956
0.17183303085299456
0.17803992740471872
0.1835934664246824
0.18784029038112524
0.1911070780399274
0.19274047186932852
0.19274047186932852
0.19339382940108896
0.19274047186932852
0.1907803992740472
0.18751361161524502
0.1832667876588022
0.1777132486388385
0.1708529945553539
0.1633393829401089
0.15484573502722324
0.15484573502722324
0.14569872958257715
0.13622504537205082
0.1264246823956443
0.11629764065335754
0.1061705989110708
0.09637023593466426
0.08722323049001815
0.07872958257713249
0.07088929219600726
0.07088929219600726
0.0640290381125227
0.05847549909255899
0.05390199637023594
0.05096188747731398
0.049001814882032674
0.048675136116152457
0.04965517241379311
0.052268602540834846
0.05586206896551724
0.05586206896551724
0.060762250453720516
0.06664246823956443
0.0731760435571688
0.08101633393829402
0.08918330308529947
0.09833030852994556
0.10780399274047188
0.11760435571687841
0.12707803992740474
0.12707803992740474
0.13687840290381126
0.14602540834845737
0.15484573502722324
0.1630127041742287
0.1705263157894737
0.17705989110707807
0.18261343012704176
0.1871869328493648
0.19045372050816697
0.19045372050816697
0.1924137931034483
0.19339382940108896
0.19306715063520874
0.1911070780399274
0.18816696914700545
0.18392014519056263
0.17836660617059893
0.17183303085299456
0.16431941923774956
0.16431941923774956
0.1561524500907441
0.14700544464609802
0.1375317604355717
0.12773139745916517
0.11760435571687841
0.10747731397459166
0.09767695099818513
0.08852994555353903
0.07970961887477315
0.07970961887477315
0.07219600725952814
0.06533575317604357
0.05945553539019964
0.05520871143375681
0.05194192377495463
0.049981851179673326
0.04932849364791289
0.05030852994555354
0.052268602540834846
0.052268602540834846
0.05586206896551724
0.06043557168784029
0.06631578947368422
0.0731760435571688
0.0806896551724138
0.08918330308529947
0.09833030852994556
0.10780399274047188
0.1172776769509982
0.1172776769509982
0.12707803992740474
0.13655172413793104
0.14569872958257715
0.15451905626134302
0.16268602540834848
0.17019963702359348
0.17640653357531763
0.18196007259528132
0.18653357531760437
0.18653357531760437
0.19012704174228676
0.19208711433756806
0.19306715063520874
0.19274047186932852
0.1907803992740472
0.18751361161524502
0.1832667876588022
0.1777132486388385
0.17117967332123413
0.17117967332123413
0.16366606170598913
0.15517241379310345
0.1463520871143376
0.13687840290381126
0.12707803992740474
0.1172776769509982
0.10715063520871144
0.09767695099818513
0.08852994555353903
0.08852994555353903
0.08003629764065337
0.07219600725952814
0.06566243194192378
0.05978221415607986
0.055535390199637026
0.052268602540834846
0.05030852994555354
0.04965517241379311
0.05063520871143376
0.05063520871143376
0.05292196007259529
0.056515426497277685
0.06141560798548095
0.06696914700544465
0.07382940108892923
0.08134301270417424
0.0898366606170599
0.09865698729582578
0.1081306715063521
0.1081306715063521
0.11760435571687841
0.12707803992740474
0.13622504537205082
0.14537205081669693
0.1541923774954628
0.16235934664246826
0.16954627949183304
0.1760798548094374
0.1816333938294011
0.1816333938294011
0.18588021778584393
0.1891470054446461
0.19143375680580763
0.19208711433756806
0.19176043557168784
0.19012704174228676
0.1871869328493648
0.18294010889292198
0.1777132486388385
0.1777132486388385
0.17150635208711434
0.16399274047186935
0.1558257713248639
0.14700544464609802
0.1375317604355717
0.1280580762250454
0.11825771324863885
0.1081306715063521
0.09865698729582578
0.09865698729582578
0.08950998185117968
0.08101633393829402
0.0731760435571688
0.06631578947368422
0.06043557168784029
0.05586206896551724
0.05292196007259529
0.05096188747731398
0.05030852994555354
0.05030852994555354
0.05096188747731398
0.05292196007259529
0.05618874773139746
0.06043557168784029
0.065989110707804
0.07252268602540836
0.08003629764065337
0.08852994555353903
0.09735027223230491
0.09735027223230491
0.10649727767695101
0.11597096188747733
0.12577132486388387
0.13524500907441017
0.14439201451905628
0.15321234119782215
0.1613793103448276
0.1688929219600726
0.17542649727767695
0.17542649727767695
0.18098003629764067
0.18588021778584393
0.18947368421052632
0.19143375680580763
0.1924137931034483
0.1924137931034483
0.1907803992740472
0.18784029038112524
0.18392014519056263
0.18392014519056263
0.17869328493647915
0.172486388384755
0.16497277676951
0.15680580762250454
0.14798548094373867
0.13851179673321234
0.12903811252268604
0.1192377495462795
0.10943738656987297
0.10943738656987297
0.09963702359346643
0.09049001814882034
0.08199637023593467
0.07415607985480945
0.06696914700544465
0.061088929219600734
0.056515426497277685
0.053248638838475505
0.05096188747731398
0.05096188747731398
0.05030852994555354
0.05096188747731398
0.05292196007259529
0.056515426497277685
0.060762250453720516
0.06664246823956443
0.07284936479128858
0.08036297640653359
0.08852994555353903
0.08852994555353903
0.09735027223230491
0.10649727767695101
0.11597096188747733
0.12544464609800365
0.13459165154264974
0.14373865698729585
0.15255898366606171
0.16072595281306717
0.16823956442831217
0.16823956442831217
0.17477313974591652
0.18032667876588024
0.18457350272232306
0.18816696914700545
0.19012704174228676
0.1911070780399274
0.1907803992740472
0.18947368421052632
0.18686025408348458
0.18686025408348458
0.18294010889292198
0.1777132486388385
0.17150635208711434
0.16431941923774956
0.15647912885662432
0.14765880217785846
0.13851179673321234
0.12903811252268604
0.1192377495462795
0.1192377495462795
0.10943738656987297
0.09996370235934665
0.09081669691470055
0.08232304900181489
0.07480943738656988
0.06827586206896552
0.0623956442831216
0.057822141560798554
0.054555353901996374
0.054555353901996374
0.05259528130671507
0.05194192377495463
0.052268602540834846
0.05422867513611616
0.05749546279491834
0.06174228675136117
0.06729582577132487
0.07350272232304901
0.0806896551724138
0.0806896551724138
0.08885662431941925
0.09735027223230491
0.10649727767695101
0.11564428312159711
0.1251179673321234
0.13426497277676952
0.14308529945553541
0.15190562613430128
0.15974591651542652
0.15974591651542652
0.16725952813067152
0.17379310344827587
0.1793466424682396
0.18392014519056263
0.18751361161524502
0.19012704174228676
0.1911070780399274
0.1911070780399274
0.18947368421052632
0.18947368421052632
0.18686025408348458
0.18294010889292198
0.17803992740471872
0.17183303085299456
0.16497277676951
0.15680580762250454
0.1483121597096189
0.13883847549909256
0.12936479128856626
0.12936479128856626
0.11989110707803993
0.11041742286751362
0.1009437386569873
0.0917967332123412
0.08330308529945554
0.0751361161524501
0.06827586206896552
0.0623956442831216
0.05749546279491834
0.05749546279491834
0.05422867513611616
0.05194192377495463
0.051288566243194195
0.05161524500907441
0.05357531760435572
0.0568421052631579
0.061088929219600734
0.06631578947368422
0.07284936479128858
0.07284936479128858
0.08036297640653359
0.08820326678765882
0.09669691470054448
0.10584392014519058
0.11499092558983667
0.1247912885662432
0.1339382940108893
